0.201536258299701
0.30451764093217
0.0999869808618669
0
0
0
0
0
0
0
0.0667881786225752
0.0666579872412446
0
0
0.766697044655644
0.999869808618669
0
0
0
0
0.600572842077854
0.200624918630387
0.335503189688843
0.638718916807707
0.133706548626481
0.137351907303737
0.353339408931129
0.167165733628434
0.26936596797292
0.200364535867726
0.300742090873584
0.400598880354121
0.270016924879573
0.471943757323265
0.467647441739357
0.0333289936206223
0.100117172243197
0.300481708110923
0.199973961723734
0.205962765264939
0.238640801978909
0.467777633120687
0
0.0669183700039057
0.166775159484442
0
0
0
0
0.0333289936206223
0
0
0.83374560604088
0.379638067959901
0
0.0999869808618669
0
0
0
0
0
0
0
0
0
0
0
0
0.0700429631558391
0.0778544460356724
0
0
0
0
0
0
0
0
0
0
0
0
0
0
0
0
0
0
0
0
0
0
0
0
0
0
0
0
0
0
0
0
0
0
0
0
0
0
0
0
0
0
0
0
0
0
0
0
0
0
0
0
0
0
0
0
0
0
0
0
0
0
0
0
0
0
0
0
0
0
0
0
0
0
0
0
0
0
0
0
0
0
0
0
0
0
0
0
0
0
0
0
0
0
0
0
0
0
0
0
0
0
0
0
0
0
0
0
0
0.337976825934123
0
0
0
0
0
0
0
0
0
0
0
0
0
0
0
0
0
0
0
0
0
0.0333289936206223
0
0
0
0
0
0
0
0
0
0.168207264679078
0
0
0
0
0
0
0
0
0
0
0
0
0
0
0
0
0
0
0
0
0
0
0
0
0
0
0
0
0.177841426897539
0.13344616586382
0
0
0
0
0
0
0
0
0
0
0
0
0
0
0
0
0
0
0
0
0
0
0
0
0
0
0
0
0
0
0
0
0
0
0
0
0
0
0
0
0
0
0
0
0
0.203489129019659
0
0
0
0
0
0
0
0
0
0
0
0
0
0
0
0
0
0
0
0
0
0
0
0
0
0
0
0
0
0
0
0
0
0
0
0
0
0
0
0
0
0
0
0
0
0
0
0
0
0
0
0
0
0
0
0.0667881786225752
0.334591850019529
0
0
0
0
0
0.0341101419086057
0.235125634682984
0
0
0
0
0
0
0
0
0
0
0
0
0
0
0
0
0
0
0
0
0
0
0
0
0
0
0
0
0
0
0
0
0
0
0
0
0
0
0
0
0
0
0
0
0
0
0
0.115349563858873
0
0
0
0
0
0
0
0
0
0
0
0
0
0
0
0
0
0
0
0
0
0
0
0
0
0
0.205702382502278
0.087358416872803
0
0
0
0.0666579872412446
0
0
0
0
0
0
0
0
0
0
0
0
0
0
0.0999869808618669
0
0
0
0
0
0
0
0
0
0
0
0
0
0
0
0
0
0
0
0
0
0
0
0
0
0
0
0
0
0
0
0
0
0
0
0
0
0
0
0.269496159354251
0
0
0
0
0
0
0
0
0
0
0
0
0
0
0
0
0
0
0.0408800937377946
0.172503580262987
0
0
0
0
0
0
0.199973961723734
0.171592240593673
0
0
0
0
0
0
0
0
0
0
0
0
0
0
0
0
0
0
0
0
0
0
0
0
0
0
0
0
0
0
0
0
0
0
0
0
0
0
0
0
0
0
0
0
0
0
0
0
0
0
0
0
0
0
0
0
0
0
0
0
0
0
0.244239031376123
0
0
0
0
0
0
0
0
0
0
0
0
0
0.199973961723734
0
0
0
0
0
0.083843249576878
0
0
0
0
0
0
0
0
0
0
0
0
0
0.046608514516339
0
0
0
0
0
0.0334591850019529
0.354250748600443
0
0
0
0
0
0
0
0
0
0
0.201796641062362
0
0
0
0
0
0
0
0
0
0
0
0
0
0.0333289936206223
0
0
0
0
0
0
0
0
0
0
0
0
0
0
0
0
0
0
0
0
0
0
0
0
0
0
0
0
0
0
0.200104153105064
0.100117172243197
0
0
0
0
0
0
0
0
0
0
0
0
0
0
0
0
0
0
0
0
0
0
0
0
0
0
0
0
0
0
0
0
0
0
0.237208696784273
0
0
0
0
0
0
0
0
0
0
0
0
0
0
0
0
0
0
0
0
0
0
0
0
0
0.233433146725687
0.154797552402031
0
0
0
0
0
0
0
0
0
0
0
0
0
0
0.333940893112876
0
0
0
0
0
0
0
0
0.138523629735712
0.0333289936206223
0
0
0
0
0
0.0923056893633641
0
0.0334591850019529
0
0.0333289936206223
0
0
0.073297747689103
0
0
0
0
0
0
0.349303476109882
0
0
0
0
0
0
0
0.0566332508787918
0
0
0
0
0
0
0
0.200104153105064
0.111834396562948
0
0
0.0549407629214946
0
0
0
0
0
0.0666579872412446
0
0
0
0
0
0
0
0
0
0.333420127587554
0.0588465043614113
0
0
0
0.0807186564249447
0
0
0
0
0
0
0
0
0
0
0
0
0
0
0
0
0
0
0
0
0
0
0
0.0334591850019529
0.319359458403854
0
