1
0.866684025517511
0.533263897929957
0.133315974482489
0
0.800026038276266
0.133315974482489
0
0.200104153105064
1
0.533263897929957
0.133315974482489
0.200104153105064
0.333289936206223
0.533263897929957
0.666579872412446
0.133315974482489
0
0
0.133315974482489
0.666579872412446
0.399947923447468
0.466736102070043
0.333289936206223
0.466736102070043
1
1
1
1
1
1
1
1
1
1
0.600052076552532
0.866684025517511
1
0.866684025517511
0.866684025517511
1
0.733368051035021
0.133315974482489
0.133315974482489
0.133315974482489
0.266631948964978
0
0
0.133315974482489
0
0
0
0.600052076552532
0.733237859653691
0
0
0.133315974482489
0
0
0.133315974482489
0
0
0
0
0.133315974482489
0.399947923447468
0
0
0.266631948964978
0
0
0
0
0
0.133315974482489
0
0
0
0
0.000130191381330556
0.133315974482489
0
0
0
0
0
0
0
0
0
0.266631948964978
0
0
0
0
0
0
0
0
0
0
0
0
0
0
0
0
0
0
0
0
0
0
0
0
0
0
0
0
0
0
0
0
0
0
0
0
0
0
0
0
0
0
0
0
0
0
0
0
0
0
0
0
0
0
0
0
0
0
0
0
0
0
0
0
0
0
0
0
0
0
0
0
0
0
0
0
0
0
0
0
0
0
0
0
0
0
0
0
0.533263897929957
0
0
0
0
0
0
0
0
0
0
0
0
0
0
0
0
0
0
0
0.133315974482489
0
0
0
0
0
0
0.266631948964978
0
0
0
0
0.266762140346309
0.133315974482489
0
0
0
0
0
0
0
0
0
0
0
0
0
0
0
0.266631948964978
0.133315974482489
0
0
0
0
0.266631948964978
0
0
0
0
0
0
0.133315974482489
0
0
0
0
0
0
0
0
0
0
0
0
0
0
0
0
0
0
0
0
0
0
0
0
0
0
0
0
0
0
0
0
0
0
0
0
0
0
0
0
0
0
0
0
0
0.266631948964978
0
0
0
0.133315974482489
0.133315974482489
0
0
0
0
0
0
0
0
0
0
0
0
0
0
0
0
0
0
0
0
0
0
0
0
0
0
0
0
0
0
0
0
0
0
0
0
0
0
0
0
0
0
0
0
0
0
0
0
0
0
0.13344616586382
0.399947923447468
0.133315974482489
0
0
0
0.000130191381330556
0.266631948964978
0.533263897929957
0
0.133315974482489
0
0
0
0
0
0
0
0
0
0
0
0
0
0
0
0
0
0
0
0.133315974482489
0
0
0
0
0
0
0
0
0
0
0
0
0
0
0
0
0
0
0
0
0.133315974482489
0
0
0.133315974482489
0
0.399947923447468
0
0
0
0
0
0
0
0
0
0
0
0
0
0
0
0
0
0
0
0
0
0
0
0
0
0
0.133315974482489
0
0
0
0
0.133315974482489
0
0.133315974482489
0
0.133315974482489
0
0.133315974482489
0
0
0
0
0
0
0
0
0
0
0
0
0
0
0.133315974482489
0
0
0
0
0
0
0
0
0
0
0
0
0
0
0
0
0
0
0
0
0
0
0
0
0
0
0
0
0
0
0
0
0
0.399947923447468
0
0
0.000130191381330556
0.266631948964978
0
0
0
0
0
0
0
0
0
0
0
0
0
0
0.13344616586382
1
0.199973961723734
0.133315974482489
0
0
0.266631948964978
0
0.400078114828798
0.399947923447468
0
0
0
0
0
0
0
0
0
0
0.133315974482489
0
0
0
0
0
0
0
0
0
0
0
0
0
0
0
0
0
0
0
0
0
0
0
0
0
0
0
0
0
0
0
0
0
0
0
0
0
0
0
0
0
0
0
0
0
0.133315974482489
0
0
0
0
0
0.266631948964978
0
0
0
0
0
0
0
0
0
0
0
0
0
0.133315974482489
0
0
0
0
0
0.133315974482489
0
0
0
0
0
0
0
0
0
0
0
0
0
0.133315974482489
0
0
0
0
0
0
0.266631948964978
0
0
0
0
0
0
0
0
0
0
0.266631948964978
0
0
0
0
0
0
0
0
0
0
0
0
0
0
0
0
0
0
0
0
0
0
0
0
0
0
0
0
0
0
0
0
0
0
0
0
0.133315974482489
0
0
0
0
0
0
0
0.200104153105064
0.333289936206223
0
0
0
0
0
0
0
0
0
0
0
0
0
0
0
0
0
0
0
0
0
0
0
0
0
0
0
0
0
0
0
0
0
0
0.399947923447468
0
0
0
0
0
0
0
0
0
0
0
0
0
0
0
0
0
0
0
0
0
0
0
0
0
0.200104153105064
0.733237859653691
0.266631948964978
0
0
0
0
0
0
0
0
0
0
0
0
0
0.399947923447468
0
0
0
0
0
0
0
0
0.000130191381330556
0.133315974482489
0
0
0
0
0
0.133315974482489
0
0
0
0
0
0
0
0
0
0
0.133315974482489
0
0.000130191381330556
0.399947923447468
0
0
0
0
0
0
0.000130191381330556
0.133315974482489
0
0
0
0
0
0
0
0.333420127587554
0.0666579872412446
0
0
0
0
0
0
0
0.000130191381330556
0.266631948964978
0
0
0
0
0
0
0
0
0
0
0
0
0
0
0
0
0
0
0
0
0
0
0
0
0
0
0
0
0
0
0
0
0
0
0
0
0
0
0
0.333420127587554
0
