0.216768649915376
0.300611899492254
0.0999869808618669
0
0
0
0
0
0
0
0.0667881786225752
0.0682202838172113
0
0
0.766697044655644
0.999869808618669
0
0
0
0
0.601093607603177
0.199973961723734
0.335112615544851
0.639630256477021
0.13357635724515
0.133706548626481
0.338627782840776
0.166905350865773
0.268324436922276
0.201015492774378
0.301132665017576
0.401249837260773
0.268845202447598
0.467907824502018
0.467777633120687
0.0335893763832834
0.0999869808618669
0.300351516729592
0.200234344486395
0.203098554875667
0.237859653690926
0.466736102070043
0
0.0666579872412446
0.166775159484442
0
0
0
0
0.0333289936206223
0
0
0.834917328472855
0.380028642103893
0
0.0999869808618669
0
0
0
0
0
0
0
0
0
0
0
0
0.0666579872412446
0.0857961202968364
0
0
0
0
0
0
0
0
0
0
0
0
0
0
0
0
0
0
0
0
0
0
0
0
0
0
0
0
0
0
0
0
0
0
0
0
0
0
0
0
0
0
0
0
0
0
0
0
0
0
0
0
0
0
0
0
0
0
0
0
0
0
0
0
0
0
0
0
0
0
0
0
0
0
0
0
0
0
0
0
0
0
0
0
0
0
0
0
0
0
0
0
0
0
0
0
0
0
0
0
0
0
0
0
0
0
0
0
0
0.333940893112876
0
0
0
0
0
0
0
0
0
0
0
0
0
0
0
0
0
0
0
0
0
0.0333289936206223
0
0
0
0
0
0
0
0
0
0.169118604348392
0
0
0
0
0
0
0
0
0
0
0
0
0
0
0
0
0
0
0
0
0
0
0
0
0
0
0
0
0.187475589116001
0.136049993490431
0
0
0
0
0
0
0
0
0
0
0
0
0
0
0
0
0
0
0
0
0
0
0
0
0
0
0
0
0
0
0
0
0
0
0
0
0
0
0
0
0
0
0
0
0
0.199973961723734
0
0
0
0
0
0
0
0
0
0
0
0
0
0
0
0
0
0
0
0
0
0
0
0
0
0
0
0
0
0
0
0
0
0
0
0
0
0
0
0
0
0
0
0
0
0
0
0
0
0
0
0
0
0
0
0.0667881786225752
0.337976825934123
0
0
0
0
0
0.0350214815779195
0.233693529488348
0
0
0
0
0
0
0
0
0
0
0
0
0
0
0
0
0
0
0
0
0
0
0
0
0
0
0
0
0
0
0
0
0
0
0
0
0
0
0
0
0
0
0
0
0
0
0
0.103502148157792
0
0
0
0
0
0
0
0
0
0
0
0
0
0
0
0
0
0
0
0
0
0
0
0
0
0
0.200885301393048
0.0666579872412446
0
0
0
0.0666579872412446
0
0
0
0
0
0
0
0
0
0
0
0
0
0
0.101288894675173
0
0
0
0
0
0
0
0
0
0
0
0
0
0
0
0
0
0
0
0
0
0
0
0
0
0
0
0
0
0
0
0
0
0
0
0
0
0
0
0.235516208826976
0
0
0
0
0
0
0
0
0
0
0
0
0
0
0
0
0
0
0.0371045436792084
0.180705637286812
0
0
0
0
0
0
0.224449941413878
0.166644968103112
0
0
0
0
0
0
0
0
0
0
0
0
0
0
0
0
0
0
0
0
0
0
0
0
0
0
0
0
0
0
0
0
0
0
0
0
0
0
0
0
0
0
0
0
0
0
0
0
0
0
0
0
0
0
0
0
0
0
0
0
0
0
0.242806926181487
0
0
0
0
0
0
0
0
0
0
0
0
0
0.211040229136831
0
0
0
0
0
0.0696523890118474
0
0
0
0
0
0
0
0
0
0
0
0
0
0.0679599010545502
0
0
0
0
0
0.0334591850019529
0.333420127587554
0
0
0
0
0
0
0
0
0
0
0.201666449681031
0
0
0
0
0
0
0
0
0
0
0
0
0
0.033719567764614
0
0
0
0
0
0
0
0
0
0
0
0
0
0
0
0
0
0
0
0
0
0
0
0
0
0
0
0
0
0
0.200104153105064
0.100898320531181
0
0
0
0
0
0
0
0
0
0
0
0
0
0
0
0
0
0
0
0
0
0
0
0
0
0
0
0
0
0
0
0
0
0
0.233302955344356
0
0
0
0
0
0
0
0
0
0
0
0
0
0
0
0
0
0
0
0
0
0
0
0
0
0.233433146725687
0.136831141778414
0
0
0
0
0
0
0
0
0
0
0
0
0
0
0.335503189688843
0
0
0
0
0
0
0
0
0.139434969405025
0.0338497591459445
0
0
0
0
0
0.101939851581825
0
0.0925660721260253
0
0.0334591850019529
0
0
0.076812914985028
0
0
0
0
0
0
0.369613331597448
0
0
0
0
0
0
0
0.0606691837000391
0
0
0
0
0
0
0
0.200104153105064
0.170290326780367
0
0
0.0387970316365057
0
0
0
0
0
0.0794167426116391
0
0
0
0
0
0
0
0
0
0.333420127587554
0.000390574143991668
0
0
0
0.068610857961203
0
0
0
0
0
0
0
0
0
0
0
0
0
0
0
0
0
0
0
0
0
0
0
0.0334591850019529
0.298789220153626
0
