0.0594974612680641
0
0
0
0
0
0
0
0
0
0
0
0
0
0
0
0
0
0
0
0
0
0
0
0
0
0
0
0
0
0
0
0
0
0
0
0
0
0
0
0
0
0
0
0
0
0
0
0
0
0
0
0.314281994531962
0.0249967452154667
0
0
0
0
0
0
0
0
0
0
0
0
0
0
0
0.0700429631558391
0
0
0
0
0
0
0
0
0
0
0
0
0
0
0
0
0
0
0
0
0
0
0
0
0
0
0
0
0
0
0
0
0
0
0
0
0
0
0
0
0
0
0
0
0
0
0
0
0
0
0
0
0
0
0
0
0
0
0
0
0
0
0
0
0
0
0
0
0
0
0
0
0
0
0
0
0
0
0
0
0
0
0
0
0
0
0
0
0
0
0
0
0
0
0
0
0
0
0
0
0
0
0
0
0
0
0
0
0
0
0
0
0
0
0
0
0
0
0
0
0
0
0
0
0
0
0
0
0
0
0
0
0
0
0
0
0
0
0
0
0
0
0
0
0
0
0
0
0
0
0
0
0
0
0
0
0
0
0
0
0
0
0
0
0
0
0
0
0
0
0.0687410493425335
0.00833224840515558
0
0
0
0
0
0
0
0
0
0
0
0
0
0
0
0
0
0
0
0
0
0
0
0
0
0
0
0
0
0
0
0
0
0
0
0
0
0
0
0
0
0
0
0
0
0.160005207655253
0
0
0
0
0
0
0
0
0
0
0
0
0
0
0
0
0
0
0
0
0
0
0
0
0
0
0
0
0
0
0
0
0.0778544460356724
0.0783752115609947
0.151152193724775
0
0
0
0.0747298528837391
0.0769431063663586
0.082671527144903
0
0.0809790391876058
0.0824111443822419
0
0.136831141778414
0.199453196198412
0
0.152584298919412
0
0
0.158703293841948
0.439656294753287
0.338757974222107
0
0.125504491602656
0.326910558521026
0
0
0
0
0
0
0
0
0
0
0
0
0
0
0
0
0
0
0
0
0
0
0
0
0
0
0
0
0
0
0
0
0
0
0
0
0
0
0
0
0
0
0
0
0
0
0
0
0
0
0
0
0
0
0
0
0
0
0
0
0
0
0
0
0
0
0
0
0
0
0
0
0
0
0
0
0
0
0
0
0
0.070954302825153
0
0
0
0
0
0
0
0
0
0
0
0
0
0
0
0
0
0
0
0
0
0
0
0
0
0
0
0
0
0
0
0
0
0
0
0
0
0
0
0
0
0
0
0
0
0
0
0
0
0
0
0
0
0
0
0
0
0
0
0.0726467907824502
0
0
0
0
0
0
0
0
0
0
0
0
0
0
0
0
0
0
0.0717354511131363
0.076812914985028
0
0
0
0
0
0
0.0693920062491863
0
0
0
0
0
0
0
0
0
0
0
0
0
0
0
0
0
0
0
0
0
0
0
0
0
0
0
0
0
0
0
0
0
0
0
0
0
0
0
0
0
0
0
0
0
0
0
0
0
0
0
0
0
0
0
0
0
0
0
0
0
0
0
0
0
0
0
0
0
0
0
0
0
0
0
0
0
0.115609946621534
0
0
0
0
0
0.0777242546543419
0
0
0
0
0
0
0
0
0
0
0.0717354511131363
0
0
0.0706939200624919
0
0
0
0
0
0
0.144252050514256
0
0
0
0
0
0
0
0
0
0
0.0878791823981252
0
0
0
0
0
0
0
0
0
0
0
0
0
0
0
0
0
0
0
0
0
0
0
0
0
0
0
0
0
0
0
0
0
0
0
0
0
0
0
0
0
0
0
0
0.0443952610337196
0.0259080848847806
0
0
0
0
0
0
0
0
0
0
0
0
0
0
0
0
0
0
0
0
0
0
0
0
0
0
0
0
0
0
0
0
0
0
0.241374820986851
0
0
0
0
0
0
0
0
0
0
0
0
0
0
0
0
0
0
0
0
0
0
0
0
0
0.144903007420909
0
0
0
0
0
0
0
0
0
0
0
0
0
0
0
0.073297747689103
0
0
0
0
0
0
0
0
0
0
0
0
0
0
0
0
0
0
0
0
0
0
0.0708241114438224
0
0
0
0
0
0
0.096732196328603
0
0
0
0
0
0
0
0
0
0
0
0
0
0
0
0.277958599140737
0.0404895195938029
0
0
0
0
0
0
0
0
0
0
0
0
0
0
0
0
0
0
0.256346829839865
0
0
0
0
0.0865772685848197
0
0
0
0
0
0
0
0
0
0
0
0
0
0
0
0
0
0
0
0
0
0
0
0.082671527144903
0.0745996615024085
0
