0
-0.120410286246645
-0.215130507665734
0.176968807792865
-1.19579087838161
-0.00306289336278532
-0.421081173315113
0.597117141982247
1.24146609933838
0
-0.134615970917468
-0.34246941073036
0.501446271069245
-0.96386805553882
-0.0219787718257262
-5.54236001333897E-05
0.491545268428713
0.294074575212718
0.52549161168595
-0.171412907665382
-0.625929455091904
-0.303916834983642
0.860146105198783
-0.130904903528854
-0.552775730884596
0
0
0
0
0
0
0
0
0
0
0
0.31467676402432
0
0
0.0431977544501702
0
0.174497054740769
0.400958317735628
0.101318682650279
0.790964815997825
0.623699771981442
0.928803706206453
1.40719924218288
0.884816935490868
0.755681423534665
1.01431349977169
1.41367808654922
-4.93152942222612E-07
0.233389695105573
0.0676204020589903
1.08488481128474
0.139849219713429
-0.116162348226116
0.681220962839364
-0.104911415776455
-0.338026849176067
0.506082873050747
0.278663266277333
0.743604563866147
-0.639764211748054
0.213716728643728
0.598639836633672
0.852662250586154
0.690621651329443
-8.88156427185046
0.632852799698253
0.734037535896272
0.867530996433977
1.15164742297925
1.22992590613014
0.15821483171988
2.44546833137485
0.370723706646181
2.30065534342899
0.968498413973337
0.350009639425059
1.35228186060545
2.48212758887124
2.09977458792586
1.12420845742477
0.987843019764069
2.45817519549173
1.31432511262201
1.59053168366763
1.58458998958934
2.25336366717114
2.79648694070159
2.86180770371276
2.06102966463446
1.33844671920626
1.67113286959619
3.3951902802948
1.08848452258163
4.65905888479056
5.61593296608645
3.61954785526102
5.06334948490103
3.85159384397242
0.919888231979075
4.27962388537369
6.72838227634127
3.9588067313807
5.43918215249606
3.11507993544502
8.50420796757701
2.04312240140068
7.52583461506437
4.60308656723828
5.78734072029947
2.81623303884495
6.19300552533868
5.12030081971098
5.12320274266376
3.88887559603242
4.21540486248455
8.56434285751271
2.19653798819202
5.28541569575307
6.04917250361738
6.73059615489003
5.42397262098464
-0.723074772799289
7.4845510905153
7.21605902663021
10.1747611330167
5.62037489796237
6.39580422536938
11.4424126683285
9.81435915389978
6.97334941417698
10.4066964104991
6.86207061715764
8.75837488381653
7.76561316337455
5.72592162117228
7.62421236319263
6.53893906120311
8.33568809868093
8.06333483498482
4.08773092192324
4.10061413473104
5.53820345038358
3.59193248895854
2.33074140108402
7.96673266482626
4.57609303075434
7.41202695860034
7.44360546470768
3.03614442670371
6.6362899077433
10.8786640102219
8.14472875053086
9.56264860351275
1.62798740105966
5.78447321589726
5.74439317400476
5.27852494163512
6.457005865901
8.49657395681247
3.37540890909606
10.7578529664904
4.89122088500651
9.9747928434524
4.97492109594941
4.72203101449753
3.9509740267365
8.01378290582265
9.24920832748088
4.09291978452765
4.83181976361079
1.32350825692338
8.33991020749719
0.291744504490562
5.72718730186418
6.04436515201735
2.89942098098649
3.87898685454046
2.7395588860384
1.30200107983094
3.43351625264444
2.36492771019023
8.17144807579781
2.70869142298566
1.8420794427906
1.4645585563741
5.40822791803077
3.71321470391055
7.70052690285243
8.93941706480463
4.90095402602664
2.19765946536053
-9.2500107586677
1.05178962381794
10.2956854961048
0.786532172162698
-0.94425541476468
2.14288157627897
6.7402667830838
5.32403237696105
3.211753119509
4.12174131019692
2.23083048335824
6.82843057342029
2.45650779735766
1.69561466251726
2.85261616079614
3.50570574599738
1.9617903683877
2.09817609954583
2.14349124167285
3.53278876908973
5.13236923519692
1.96040173742807
2.94674865689719
0.581466638601632
0.448042669467505
0.966076053059931
0.775638576600606
0.227382234151862
0.816580432338182
2.69053048247208
4.02580963551598
0.781221886135602
0.367383535720877
1.01880227763999
2.69260111485424
0.970469614415466
1.65183233669251
-0.00471188928371551
-0.178919465313135
1.19513828656042
2.2323961612078
2.27263523214707
0.486592731666754
1.14828707602807
0.749282865475161
0.790635140016459
0.535465362526874
1.99495708029331
1.53906588204569
3.86380248228031
0.424622827764201
1.49375391776207
0.955011707694028
2.59994105970204
4.48378422555516
1.32791390773488
1.4195527855913
6.37533945452093
0.654659645032784
0.990668914314742
1.91039545948889
1.96606646580145
1.45691217944813
1.95703000014692
1.35647561791524
2.52280831295073
3.04558385207071
1.78053766828964
2.08698607421409
1.86573446719684
1.17922675366746
-0.219264907708537
2.3910117050549
2.33626837197582
2.78505565824697
1.22402583096759
4.36220951630478
1.25909418003815
1.70336272146177
-1.90806349794113
5.58812545935403
5.41734640430263
3.01370782470021
3.97952969362695
5.01573929052727
2.1870475081466
1.05863583909177
2.08925757509743
3.00889963878162
5.43585464312248
2.55526167293552
3.24984038308021
5.73213199397104
4.1214509212634
5.36894637285767
5.55631493891529
2.17492034947029
0.815767934975631
5.35023704643665
4.87959935753495
2.879328794443
0.574971632728672
0.692354446189062
0.26507142243302
2.92569816454961
1.75327782401831
2.45671455523171
1.3078788089538
1.85289221759338
0.751905181925115
0.929555294863493
4.52498821881134
0.893018518158233
2.77715389201893
0.809198446294623
1.05993921452567
1.1579633106993
-0.935171648564001
0.522410996323804
5.67624995754485
2.21263857959055
2.61100314338802
1.00617835877985
4.05591726829335
2.50831390900179
1.54803709078442
-0.423499684491852
4.8635993032175
1.61433881433531
1.62279439587936
1.15450971323456
2.13233810273984
4.96012468864009
1.76950725316666
3.73754891609188
-0.882401979043487
4.10292039264861
5.52479790723596
1.61914466696814
6.85085651968044
0.271205465010018
3.13490654497261
6.06398914507383
5.53843238906702
2.48159358774543
-2.76719533171611
1.37509451361338
3.8476790784711
-2.50025459320356
0.090399924709039
2.40215205524337
2.34430718525005
3.49905677758499
4.02341332748408
0.192995806463218
6.0555324262026
-0.168366523147497
0.492851416342031
5.84766091018628
1.45143268098081
-2.21100587632208
1.20815282892304
0.867136596978406
0.278216358236321
1.48352006348988
3.30710094907909
1.68459183054377
2.58336140381014
0.753465481569199
1.08518998356605
1.66834970591987
4.18123219777278
0.862141418233518
0.787853935061933
1.05826828196978
3.23599506137905
1.74242945936979
4.11927479215595
2.78441629470306
3.18674528554596
4.29708585925791
1.85741369743832
3.64817015596432
4.10577675646272
2.10744988101736
3.59028538939998
0.0843442617003582
0.589469654211329
0.994453659203658
0.92885476342878
1.5012942607128
2.43726809274215
2.46643703379639
1.95125734962671
1.48747840376915
2.47461279835167
0.962839838625103
1.92417091070364
1.61682138154401
3.15225251645168
5.24364551408304
0.504656060610948
1.81113459105829
-0.184854710397436
7.7059331833796
1.80745555770951
5.0257353781677
2.1492817760388
3.42586119155034
1.95557948540211
3.06770848924442
0.606107357645305
0.363012241313567
0.431551521974245
0.416373440753703
0.24734585856264
0.500753739390231
0.22819879723537
-0.394984641711226
-1.98488048222867
-1.76520330741818
-1.1188211127875
-1.51328219216787
-4.52401958152133
-1.48464233966973
-6.72530202474272
0.430010612130039
0.386844362805799
-3.13702352412703
-1.06230193732307
0.155842256690046
0.340961090265293
0.359262717026664
0.496978820805613
0.120996814237651
7.35929686472934
0.250098169898631
0.438601503178444
-8.50407610337078
-0.167054831227157
-0.00628998066794507
0.0929699124336091
0.28326498455184
1.41688545029077
0.553329306241401
0.471697843845899
1.91371174706972
0.830705946232662
1.88568268036253
-0.641666576688937
-1.25552217590086
0.233990258739794
1.8887301052784
3.69484709382269
4.0901707976671
0.707129349882853
0.11122668949285
1.98318748537644
-0.307438067884917
3.58573530720307
4.78614055564819
0.615525783865045
2.15143303516721
0.7887234941706
1.97485654571696
1.09419601520239
-0.103542515957621
0.579974601602149
2.10391508326774
0.697339734776445
0.191985894477926
2.19099813454571
0.370693169922913
0.945892357415166
3.35744170983545
1.70222771780225
1.12922228260775
1.53085049038483
4.01911739717499
0.921201301040657
1.87884009102417
1.37371267008971
2.81982709446443
4.48813120943885
2.05445249591357
2.33962573381914
2.22598140162567
0.639340185532512
3.69316077874499
1.33651562195742
1.71642441339498
2.79118367077837
3.92343298460351
7.27348299760396
0.0129635178745667
7.51363197012147
6.48152117032757
4.22221202594569
2.12593888172492
2.88161852604732
1.45005739889676
2.47918652039835
2.08950033390984
-0.307270470210511
2.88540134919413
3.15301847205028
2.79200011306148
1.23436760245805
2.24269611197283
1.2944782149922
-0.000829160633317161
0.735790925605428
3.98063990892648
3.68442011590525
2.40687694808503
3.16118827807756
2.52857505748852
3.45070040282182
4.33089101338196
-1.13767237366037
-0.181546784407042
0.250489890997133
0.199660415838582
3.34267919610208
0.676365037016823
7.48333818408682
3.13547794355235
1.60383367006774
2.93776954663785
0.821388518677939
1.7605597598591
1.94910881140553
3.03800156478893
1.53756106261243
0.390155920089063
0.733677411355555
3.36203412037596
0.526572069950902
3.59386322171511
4.28716594311796
1.72815196953545
2.72942955953934
2.27590441758637
2.49816432476053
0.0630299514510081
1.31461946893244
0.555492137518859
3.63818460823039
0.954562734505984
3.64993818174548
1.25458520813482
1.81202928556918
0.848515570507928
2.3777897849004
1.98958155342801
2.07898117437319
3.73293572506173
0.2454556241542
1.85812800545345
-0.250756472058345
1.37707250924903
0.788688582683691
0.614997867532462
0.660693713659735
1.13494508955313
2.92113027313225
3.8902789867763
0.515695431419253
1.17425149190911
-0.609564675798468
2.01913913729525
2.63913414294502
0.500183450092841
1.42848628604622
1.95661551578459
2.97787218053235
4.21315274087078
1.54596257272911
1.77702565096304
2.45117019749734
0.57574858303761
1.54167743713513
0.0255082133285864
4.21763023382163
2.34222889611228
1.92028516137496
0.963461546833941
0.844903532828883
0.208176218462281
-2.53662623545801
0.520010374960249
0.458345104805763
0.441347483236053
-0.714731704724442
-0.661916633477935
0.022098344966353
0.282795841230468
0.118093396560169
0.0952275493778163
0.182548775449443
-3.68837068944961
0.563105251487011
0.285075295724988
-5.58349172174493
-5.28461437329841
-3.79585528679056
-21.6539012050405
-6.6022146530345
-11.075436942493
-2.53502359193417
-0.898944747962256
-8.04666776472686
-0.96725890652581
0.337808162763211
0.271538250084387
0.369315137581746
0.442516903520152
0.272211899589993
-13.4380077988977
-9.24329665585874
0.180795195258956
-0.304947447897772
0.151374830273567
0.116889256883631
0.340446237202805
-0.124587781513536
0.177071212327957
1.94938564272354
1.85149217759575
1.53545434319496
2.10433279309899
1.01141208680687
0.449845412391761
0.927081714194807
1.1949489243566
1.43810525512924
3.1072128244938
0.996760901761007
1.62952453014705
1.05340720797424
0.687524420186342
1.785737533987
2.41036415171017
1.27742427957165
1.47356356421972
2.24292085678925
0.933919829961264
4.04480164893994
1.65751480346894
1.72438087070964
2.47816102932697
0.72802644945606
1.84626200721554
1.13771340906927
2.97364974950651
3.54704033548448
1.20958953313849
3.0927214337199
1.9039852019949
4.70243147946505
1.17819133541245
1.16829004578979
1.42303025975531
3.08524366804216
1.67302113729037
0.818720744418056
1.13066047335341
2.57050177607697
2.08357191809712
-0.448399434886385
3.10776538176386
2.35308596522448
1.65877922125078
2.05640322087578
1.61194012152044
5.52552132256589
6.24622812100823
1.9682606671334
3.05838202245483
1.65475182680029
3.0825111090271
1.92180017627272
1.95787961419162
0.930095804135939
1.78835492838251
2.19553430435318
1.29001409769181
2.38764245671826
1.62355535591612
1.88409576615975
1.72779661028026
2.11871655152498
1.7740760905118
1.74387856966769
1.92356788258168
6.83043435723029
2.6205175451826
0.845426251843121
1.5872905738563
1.23859502356707
1.26385830438942
1.72417687323539
1.71097079492281
1.27448199748483
2.5030485749565
1.46722796799351
1.91281504312171
0.382380376353253
3.01570867828132
3.24507971530904
2.4830383506793
3.84597894843846
3.46198726887401
2.79464526075318
2.25743793703267
3.72922635377442
0.900393837036599
1.50281250558469
2.81485430678655
2.34598355718072
2.13557570349629
3.16397121143344
2.22874656743721
4.24258697793419
3.23507769385197
6.39810866812664
1.67797034220705
1.32024381056557
-0.053047527705122
1.14748194239035
-0.00243278446769449
3.68613407616556
1.12893613256091
1.8979276721333
5.00880132311929
2.11792389601488
1.741881712365
1.88015265226015
1.61120428398911
2.00877742867964
3.09272594364585
0.217332866794213
1.89052594208222
0.574066190184435
1.73105992209708
3.88519705434335
0.797522513606018
1.70892673921357
3.31737159705266
3.42299165250185
0.744320162751537
2.27131131806707
1.58181213809399
1.22284138741434
2.65716375178713
1.17648004037656
0.337728435716323
1.85077012376332
1.66769860034682
2.97445291967194
1.64498442797431
1.9900922394872
0.480839997332844
4.12706698698111
3.70216102661851
1.69748590738142
0.255489174212101
1.77029290067591
1.8502910909063
-0.284988815680529
0.0323116206159625
-0.405135655078592
-0.718890093495917
-8.02606636853231
-0.685435344851886
0.152549593497518
-0.994652158433122
0.433155952716433
0.575611345004928
0.20957164219264
-15.764689378609
-10.8868579929309
-1.4707560123232
0.334076313258106
0.107705342267331
0.325173751788866
0.389433424843169
0.138787438612791
0.215707623536473
0.139779626283612
0.160605220743552
0.225110420906535
-0.110148247024974
-2.25185486216927
0.359232943741586
0.200725246996908
0.228699031199035
0.365051927656445
0.401727284198368
0.286788042815334
0.43223374541852
0.360462663089131
0.191841816760029
0.304193302162614
0.292231036103749
-0.111145578809172
0.116287619011916
0.780621549441453
0.331498900607834
-1.71718117037875
0.429340435898782
0.186771725574598
0.221427151675808
0.430282516352999
0.427375618715876
0.341215608444806
-6.61798464444132
-5.03657811405322
-0.18204411269147
0.182002344017704
-3.61861107650317
-6.08932031437157
-0.776979959047628
2.03867047062337
0.887171235799618
0.882592762743941
0.465643729145994
0.447519916040314
0.306524594878358
0.47317480653168
0.365770682243445
0.5154535172889
0.438441763359898
0.308838675365168
0.162871341769779
0.112121256590825
0.990802221461223
0.449522713187385
1.82826359152879
1.49374382469581
2.97717672174202
0.431477249683577
0.0255212359478264
4.91808314415316
1.00690509686986
3.39382458702354
0.629795772301433
0.231205331868735
2.22657526292053
2.00459729212534
0.0275947801563097
1.30003287228596
0.463491909720087
0
