0
0
0
0
0
0
0
0
0
0
0
0
0
0
0
0
0
0
0
0
0
0
0
0
0
0
0
0
0
0
0
0
0
0
0
0
0
0
0
0
0
0
0
0
0
0
0
0
0
0
0
0
0
0
0
0
0
0
0
0
0
0
0
0
0
0
0
0
0
0
0
0
0
0
0
0
163.402336589971
0
206.17214804217
0
0
263.690181013474
818.78053810037
316.714631135709
0
0
515.514184443621
0
0
0
190.700791496949
881.601636818723
0
93.3721039712925
0
0
330.618541443816
0
269.041516271516
151.183705159043
454.224851943793
399.462625666665
278.747907279259
227.316317226854
36.0484565135261
401.770882556116
202.827666786443
306.558354943695
94.0741841755131
322.058642158276
258.734974255931
648.778375066865
100.640569473786
342.249095828488
427.562061398058
169.149812597053
413.653436248069
112.446788563598
590.090933372489
488.096235816813
336.692300215475
410.07946953447
877.152446400277
760.511208464166
266.632324945017
194.999315238632
400.28337019396
193.01395871704
565.362676152666
353.938705535607
365.054372910355
1070.4331664512
741.430187350552
940.801724837308
40.0949969450098
436.155437294689
320.66427694265
557.014611962692
977.83536280094
460.683087636029
716.684760160205
556.61304590582
318.652294961162
606.249115959981
375.144918243567
60.0200111821764
616.769485379719
221.372376222798
211.052605554751
373.361755452507
444.023761688733
184.961277846377
294.952032134639
620.373599643956
253.471238698328
464.821948612312
89.7208255017942
552.258237906638
135.986453560085
948.338736979745
411.301123499704
265.297981256065
385.392542022843
559.753151451922
298.826023201503
891.45777405342
302.178329783865
916.874927888351
491.456787834315
377.047197193704
741.676148091554
378.610188664742
1222.79278562207
151.050266964836
109.401034505007
414.912173482472
885.436958589747
271.158701780945
159.912775526793
0
558.399624080591
504.495702291006
80.175043920137
570.098057295021
320.239423496422
170.006768646543
323.347893251674
0
276.930458718643
0
455.34906945082
0
151.012324509402
285.262403235731
439.005372785205
250.438350581569
114.316438212654
0
3015.71544536932
183.243697793279
0
654.459051661909
1131.47050142772
179.108281494701
0
963.6037874988
0
2246.98138576903
828.980183789383
0
1389.48128579163
875.380904650924
372.617077469191
778.961919384428
807.631212809684
222.655223401592
1649.85154441191
748.267236832296
463.619618779503
0
0
0
0
0
0
135.470046247466
686.740015198761
695.899721335446
0
0
1086.82050520781
0
593.770626714348
0
0
323.910933913182
892.646060051713
532.700848070097
0
0
0
252.322504973386
0
2031.87473071449
688.978444941805
1102.77084893509
0
76.2786331719125
0
697.039832647987
0
66.2569688421482
72.8252200158676
1124.29438552517
0
0
129.812018066816
44.3712676429732
89.0540435677899
64.4435865131576
0
0
550.990833043841
0
200.797595413491
0
0
0
0
65.216850342913
55.5539326785737
426.730120236559
0
46.8590435511638
387.948788952761
95.4825868815794
86.395465610027
0
0
0
0
49.5329801340914
0
105.975500144813
80.5157502959071
69.1309331556919
103.961538376452
90.3247961472154
856.545383390465
362.541292772368
552.861157779676
272.821109699271
0
0
486.746813565802
180.852686839902
1005.00617575673
0
0
0
275.298465583402
0
0
0
0
0
0
0
0
122.853029553653
0
0
0
207.18302584581
0
162.26080804865
225.580471537756
643.543723360474
0
271.753396721541
0
96.9149008595607
105.330555382405
231.656701160312
0
0
0
68.5250132150791
0
0
0
126.260770520027
0
0
0
165.580205271864
133.773788954053
0
127.695368143286
0
68.0450457724377
0
299.217647951196
0
0
0
323.236614819543
413.308765368397
422.775765725779
969.941235482398
0
0
142.500716382257
0
1275.16181583297
316.832624324985
1072.44345733391
0
0
0
89.6875135277868
601.706903268137
169.519386052873
718.870328365666
0
0
0
742.363939647674
0
0
126.284409611221
0
0
0
382.108873346494
195.061702624481
0
82.8700007919473
0
0
0
0
0
0
113.821309977697
0
0
0
0
0
0
405.825193432269
0
0
0
0
0
0
340.171408994993
0
1409.28816179687
0
253.801251956107
219.380756057485
0
0
339.344448781146
0
0
0
0
0
0
0
0
0
0
0
0
0
0
0
0
0
0
0
0
0
0
0
0
0
0
0
0
0
0
0
0
0
0
0
740.116715710053
134.13336098384
659.873836913645
0
0
0
267.961982654027
556.377837631475
2306.35710632255
0
0
1391.12895319497
0
281.623080033417
168.412396130415
0
63.8788850945996
0
0
0
0
0
0
0
0
0
0
0
228.508189388448
0
0
0
134.582756499838
0
0
96.7335352677465
0
0
0
0
0
0
0
0
212.165418491568
394.080670409971
0
495.375069396784
0
0
453.608523583464
412.554845187549
0
445.96147166321
0
0
0
0
0
0
0
0
301.549087768412
132.11864682981
0
0
0
0
162.729023518085
102.524683748616
0
0
0
0
0
0
0
1463.60396146987
267.844480381399
1446.36610020879
525.483834911184
261.50277798648
541.707561761858
0
482.811916143622
576.944768245194
758.400237825441
284.836975786234
0
0
0
0
415.959789072922
806.152183503603
0
0
0
0
205.303245830622
0
0
634.26505272829
0
468.441646355294
0
70.4995843414611
0
0
0
145.91585761851
0
0
44.9801914822207
0
0
0
0
0
0
0
833.167359194366
0
0
0
0
417.874604222364
0
0
0
0
1363.2602941417
368.709318545036
719.764278232216
0
0
329.777932954067
0
1200.11367510674
538.830446859834
502.989635543751
132.880927254883
0
0
0
0
0
0
0
0
0
0
0
0
0
0
0
0
0
0
0
0
0
0
0
0
0
0
0
0
0
0
0
0
0
0
0
0
0
0
0
0
994.574686039723
176.701556470608
631.425382273111
425.727188207911
0
0
0
306.537520788218
0
752.281168639644
0
294.122742096539
493.623624289532
0
1372.63195185954
0
531.141356047233
455.504245690296
298.564775005286
0
0
0
0
0
0
0
0
415.624885617538
153.149686050754
0
0
111.012072605742
708.865904343247
0
0
0
0
0
0
0
0
483.731556534221
0
0
0
0
0
0
155.697497508681
243.142535612254
36.3743390423559
0
818.567787455021
0
0
0
0
0
0
0
169.584323009538
0
0
0
0
0
0
0
497.29698938955
0
90.7316863320831
164.26922886087
0
0
0
0
67.315205496804
0
0
0
0
0
260.514570788212
0
0
0
0
0
937.421390713292
0
0
0
0
0
197.761320113026
89.4704581782933
333.418600578454
0
629.539010075493
0
0
0
242.631871006121
0
0
0
0
0
0
0
0
0
0
0
0
422.107969294114
0
126.251891036439
852.373731136699
0
0
112.55503364025
1039.92502181183
0
727.482839631979
0
0
1295.89191618875
112.923920988349
0
656.484833655345
274.776035404526
668.178335197183
771.589844422586
0
0
1390.34408732637
724.499809979693
0
0
150.955866996415
111.068024406113
0
144.795217761772
0
0
0
0
0
0
0
0
0
42.4369333395143
0
0
0
0
0
0
0
0
0
0
0
0
0
0
0
0
0
0
0
0
0
0
0
0
0
0
0
0
0
0
0
0
0
0
0
0
0
0
0
0
0
0
91.3753341351636
0
0
0
0
0
0
0
0
0
0
0
0
132.00378363678
0
200.847670435581
0
0
0
0
0
0
2682.05938160013
0
0
319.118895424738
0
0
0
0
0
