1.81292424830528
8.53676515701396E-06
8.73454025052995E-06
8.03344475214925E-06
7.39015195299556E-06
5.01959569404969E-06
8.17762332139276E-06
6.34555418325878E-06
7.95687638933733E-06
4.874154634635E-06
5.31320292638628E-06
7.99029334802773E-06
8.9241025941955E-06
5.96749256258951E-06
1.19800013612757E-05
5.89318797390813E-06
6.83550717940791E-06
5.82521645619673E-06
7.18808894101665E-06
6.42876342926918E-06
0.258553525973676
1.05106146788761
5.97809688893383E-06
1.07830095784713E-05
40.6003100093915
79.8653801590883
72.1457225975628
64.4260650360373
56.7064074745118
48.9867499129862
12.1635174074966
2.38772466864129E-05
1.94411771316676E-05
1.50051075766489E-05
1.05690380217919E-05
6.13296846683094E-06
3.61050707312563E-06
2.29726959426435E-06
1.82200011801076E-06
5.8512600084996E-06
1.01474942482052E-05
9.48066269465815E-06
7.3357191275934E-06
6.04359681453686E-06
5.60216010316215E-06
5.81057704475613E-06
5.52988301607405E-06
6.12016159198744E-06
6.21507130077899E-06
5.80213695538806E-06
5.42754569739748E-06
5.59593399426324E-06
8.76103515598436E-06
7.76242351410993E-06
4.85130598169249E-06
6.41018205525998E-06
6.69285298730997E-06
4.3803138016416E-06
6.04056736849684E-06
5.44232462687945E-06
6.58504475215815E-06
6.70062729873454E-06
6.14379990624205E-06
5.7739642808752E-06
8.57298466471529E-06
5.12011441155855E-06
5.96063889825238E-06
6.39930638636876E-06
6.2018382759458E-06
1.24597781998349E-05
6.35247818735136E-06
5.32922856550509E-06
5.45065507861128E-06
6.31449320354896E-06
6.9126612948147E-06
6.50057382295562E-06
7.39017765744464E-06
6.36238946851218E-06
7.8990834926446E-06
6.98584539316375E-06
6.4650349250254E-06
6.3042049152296E-06
9.09410119834789E-06
7.25843466896134E-06
5.97659127478685E-06
6.96691875390966E-06
7.84286171527078E-06
7.04506773730428E-06
8.26001988727545E-06
7.60722925312307E-06
8.07736173943538E-06
8.45202576478234E-06
9.18076618746896E-06
8.98806674070674E-06
8.94535067946505E-06
1.04896653234707E-05
1.02976733900541E-05
1.14656658701598E-05
1.24491578148852E-05
1.25824491698955E-05
1.2781261254033E-05
1.50816023730583E-05
1.46738247587842E-05
1.33518135633394E-05
1.31047877754789E-05
1.6517816962781E-05
1.5366805303107E-05
1.52263684018071E-05
1.36031940334699E-05
1.7502479002899E-05
1.35154481759605E-05
1.65870645192065E-05
1.55238086209068E-05
1.6938175733322E-05
1.67568655073774E-05
1.65250547758771E-05
1.62381782300314E-05
1.68164725846678E-05
1.73615291569597E-05
1.6410767455708E-05
1.75541562790685E-05
1.56864946750683E-05
1.63553827785559E-05
1.83790833724213E-05
1.63506212801106E-05
1.70267429947036E-05
1.86517408213179E-05
1.71786639193835E-05
1.76123312266715E-05
1.94780189423759E-05
1.71492840442231E-05
1.82945258132069E-05
1.92167299741088E-05
1.87615338499158E-05
1.59967151245451E-05
1.91165190534161E-05
1.86929301356895E-05
1.91720763309526E-05
1.77709330152084E-05
1.73027796467688E-05
1.67128179805701E-05
1.90571605327484E-05
1.81720249719784E-05
1.76096412335618E-05
1.83107646409366E-05
1.73288841708934E-05
1.67561206535355E-05
1.54972126810649E-05
1.50800247058731E-05
1.89623406840979E-05
1.73412064541387E-05
1.84227323833667E-05
1.89917502233732E-05
1.77574228563317E-05
1.61621127931328E-05
1.93328288608143E-05
1.96336969151976E-05
1.86709212372082E-05
1.58539881666277E-05
1.74658533537569E-05
1.63634038053932E-05
1.79242310464449E-05
1.93853039570357E-05
1.76991749083144E-05
1.89224062326111E-05
1.90688939978974E-05
1.69729365020043E-05
1.90311767263661E-05
1.87743602725652E-05
1.82057594318063E-05
1.76072214019441E-05
1.84841512927351E-05
1.98200082534289E-05
1.57456906392906E-05
1.60689908818269E-05
1.97627435089648E-05
1.75645715877867E-05
1.73393760892829E-05
1.68715167924624E-05
6.75479966330023
1.08560150066491E-05
1.14416333481239E-05
1.02548537267342E-05
1.14821068762938E-05
1.08836697991833E-05
1.06294588711122E-05
1.37042644752016E-05
9.4770606813682E-06
1.05239725997443E-05
9.8714383232489E-06
1.27653705465529E-05
1.0286599100311E-05
1.19332046823547E-05
1.2063939419258E-05
8.95597083298887E-06
1.1306451405307E-05
1.07897109205458E-05
6.9491289435813E-06
1.21371117672171E-05
11.5949949613191
8.23748791806026E-06
9.27403842078932E-06
1.12132891054296E-05
8.44264958495467E-06
7.19941567151019E-06
8.25241813661261E-06
7.53853760597371E-06
9.45306640754735E-06
7.79689298033789E-06
6.81340549908613E-06
8.37100479382657E-06
4.31422526211366
7.39194832376303E-06
8.37700830710236E-06
7.77299321874073E-06
7.65265587869149E-06
8.60884631469302E-06
8.08071999060405E-06
6.86788332272159E-06
4.87052346728018E-06
5.29840545294869E-06
6.04499398332939E-06
5.32668449657784E-06
5.02785874450216E-06
5.35046931649765E-06
7.33618877329078E-06
5.73314201751243E-06
8.45701422926056E-06
4.25916802996724E-06
4.36827840212925
6.82638237791757E-06
5.55785043798858E-06
5.92865647685277E-06
6.94087159835644E-06
4.68562540757682E-06
5.90475013664936E-06
6.25079997085394E-06
6.10685186046204E-06
4.70631368229145E-06
5.59474537519404E-06
6.78097309998277E-06
8.70222833786126E-06
5.41781784425759E-06
7.1575703913476E-06
6.12329718080662E-06
7.83906185529473E-06
4.72465436864568E-06
6.44985592285414E-06
5.43908986440431E-06
8.08339917331839E-06
9.78425725773221E-06
5.95781836944641E-06
7.18642785370614E-06
8.8762468059826E-06
5.95695580916E-06
5.81662345981604E-06
7.12263794276702E-06
8.57800988091091E-06
8.16779096888665E-06
8.15210687291809E-06
8.04298501691968E-06
8.67258518106691E-06
8.9244096650996E-06
9.00534409206782E-06
1.262414343981E-05
0.525379272710934
1.18643432752753E-05
1.05482546002931E-05
3.06401922528586
0.172654994499917
6.47790834388048
10.824214885744
9.11969062418961
8.44494037345824
0.165677155703892
3.83155262500372
22.2088101432499
19.9515496807058
16.4198406203409
28.7747004727444
13.852916865369
19.5724546285839
41.942507971733
40.3411525420336
59.8967491442484
41.6054645535083
71.615356535897
45.0408209937127
14.1172742131624
1.13325780348209
1.84882243017028
2.26045023197551
1.36444885013943
5.02944791193811
8.45193146873314
0.0555370201680439
3.65075954910863
8.34031224620973
3.09825568139867
11.5806984913175
23.8755962905561
27.7204932502269
21.6932052155584
44.508351566869
38.8849810242816
34.1334745350524
29.4649347166712
23.7945499874004
47.5784311656424
47.3750910642069
51.6462613121424
91.2697328707171
66.8095046720559
113.795469479939
95.5107795248097
34.1161161820128
83.9309251937095
78.6237675693097
117.969514059453
128.79529251212
160.617031596919
114.592401113981
160.946033419228
104.558924032008
85.3493042094448
92.9805810052081
152.720809708877
102.106740892706
152.538101028036
116.337853757835
155.352358177912
108.814851614157
63.080815264432
140.557636540982
107.581325891453
113.323370107042
167.560162617294
116.428428857099
72.7432436535881
224.455409711156
216.652981117334
197.641928526548
132.253694251167
122.182653941174
43.961913827359
9.50118922489813E-06
9.92635190631213E-06
2.7388563187603
1.05833750118037E-05
1.00222364574519E-05
7.60394884477454E-06
3.92285748257659
6.99981339308801E-06
1.59130446885908
1.10615147907031E-05
6.85422234778723E-06
9.48504444790491E-06
7.85816444754228E-06
6.46218574656405E-06
0.215433336437784
10.7598386582379
3.14417608926538
0.337087783838258
2.46598385855035
4.4022129955956
1.0407347956567E-05
0.526702910555083
12.9680446633823
7.90107489287573E-06
7.42352684920637
15.1810126782869
17.7799515357668
36.2842092878921
14.8067056177489
20.8788230161575
23.1705654523277
12.9467529855117
10.861961392936
15.0660483157825
26.2400345888043
21.6852774643986
22.8006257938737
15.8880047661574
37.8206406131457
17.1538905562311
21.1808002647348
57.1897677721163
40.5310932852785
77.6997620806818
39.7049790750805
38.8737238671153
34.2740265210505
63.2560548260075
60.5717511917921
84.9266117307304
67.5620023700653
42.8215994475597
13.8548049873971
30.8075826772433
54.8733748382207
6.80754556627364
50.2196413487014
35.0803396631669
38.3303174177589
41.043618446918
6.96001960633153
24.0636199298657
13.5637979089768
4.56677371968275E-06
4.8731935112085E-06
5.54885815496598E-06
4.68614814709256E-06
6.22581180822592E-06
5.11140937303456E-06
5.48015092895376E-06
7.89512732748014E-06
0.0249467058462224
0.0721443681366481
7.87136878303753E-06
8.84353608095692E-06
9.91818291430069E-06
1.26026353058861E-05
7.14512022733642E-06
4.44524050500034E-06
9.10715170428751E-06
2.38326295846313
9.31428872254803
7.26073872336984E-06
4.15008671128054E-06
4.41820892208686E-06
4.134535843232E-06
7.23072424821028E-06
4.32046081845487E-06
0.174870322981574
1.79431953989964
1.87765240886018
5.32738886942737E-06
4.66265624657129E-06
5.70580460392038E-06
5.58170655700992E-06
5.9801725806719E-06
5.5971811021064E-06
8.20335360923042E-06
6.65655205824985E-06
8.65007903311552E-06
5.1711066363494E-06
2.37053467451924
1.83997461131341
4.20010872131578
11.6516074711228
6.98748986925024
2.91223689560872
2.34342150952358
20.6733493023802
19.6619276370158
18.274406865776
4.20304927443316
36.3140251382777
15.6119526520696
23.5173974864924
42.7498715795421
28.1175132520608
45.7935995344219
56.4081480937805
56.2689470051673
63.9852812799369
68.332666148506
47.9534296149088
61.4983863671309
63.4491268446834
85.7709130706752
87.413382246096
27.4785061662865
62.0116244621009
84.0174021878035
111.978525588843
74.4960572511956
54.6749192621323
65.1013258217706
75.0049815375715
126.387211346092
187.840600090559
119.592873608148
117.592682891693
122.204779487068
164.384151839301
72.1970650313054
55.7011369528033
49.3424433639836
14.4209197513273
14.0496960219047
14.6682935114218
18.1484315286192
52.3357373317564
24.0586795772923
27.0388795006131
27.3716036721106
36.0089709872883
82.6885549454822
50.8761046452464
49.7943092551169
64.6401861221053
54.8770364970559
18.2822885865078
30.3764866334614
54.7329398769546
127.577825886402
76.7433189276194
29.0823046693796
73.3998633951754
56.7905888183861
36.2372242788534
25.32575689519
20.9868679251773
12.504688274747
22.8757553317627
8.17067551567133
0.879814189317714
7.00348061430169E-06
7.55032347793323
1.78719092735797
9.78491705386759
13.7116014729228
8.62633923497779E-06
6.15329950883233
0.0871612534192135
9.17499785151513E-06
8.04251305257989E-06
4.02500339552715
13.9096038331854
9.5100619158028E-06
7.77948922030272
18.6870920030897
8.79230077891912
21.3631569870985
7.75503194063332
9.0477633655859
32.6304653891532
53.0271490718354
14.8995851475361
23.7191999053797
36.716002064462
35.8542336583911
34.0464493310077
27.2699879344692
21.9018111549409
2.2764452975095
53.6880327226822
11.4058862889914
14.6241342430037
12.3562638102568
3.06325007032202
1.49827520777989
11.7633468056717
21.1660930263388
13.7604782921608
22.2362776028933
9.63710644349496
1.16308813451764E-05
10.461380168456
25.9531888640745
43.4579765271069
6.83099239807138
0.740275898766696
11.793794348156
14.5886729791818
1.16670379959148
1.04426360779513E-05
19.1788359939806
18.2853294776162
39.2009132059082
11.6461573295123
13.4501479032799
8.23007840502787E-06
21.0230359513512
22.5229942944362
0.0574015098297377
13.469229240457
6.57459383650923E-06
4.91237697424033
13.6874438341567
8.11595895600776
0.222871274118172
6.57701249953415E-06
6.19156608290437E-06
1.14863250714741E-05
6.11587662895153E-06
4.79787186398962E-06
7.23031400677281E-06
6.93771184846113E-06
8.00019317130345E-06
9.82971520210404E-06
5.77777088566316E-06
5.70644290952242E-06
5.00659208518322E-06
2.80347005242778
5.15383210607649
20.8855630328686
4.48972806195256E-06
8.91921114775839E-06
1.05823688124345E-05
0.751053930968562
0.170785178465507
1.19972635740205E-05
1.17879636873144E-05
2.98292935000371
8.2844528550099
1.04312075949922
1.10727146454832E-05
2.3765493413301
4.05740130358664E-06
0.722280600436149
10.2046691501565
3.96302989361627E-06
9.0445849913015E-06
2.11341749962527
4.1912226130865E-06
5.43843927530067E-06
9.13000862548909E-06
4.49383975543277E-06
4.57740420431734E-06
7.75945798951422
12.940245983339
7.41725813694614
12.0182127850749
5.99500728039946
8.28313971565666E-06
31.820896789076
5.21101672025058
35.4981978327612
21.3727085470421
25.3942131984943
46.7270438719531
28.4806472928216
10.8712712417142
6.88782310216991E-06
7.44277256541804E-06
8.88637904264605E-06
1.12114925139577E-05
6.18484446291875E-06
1.35760811813584
0.756992747008751
1.27390056021746E-05
8.71241152549474
18.8738089736301
19.7243524320248
31.4747560907781
30.0462379740934
17.6258911327065
47.4019980616759
36.2209756021043
18.6706750816978
29.6252440872712
18.190581652528
16.1535651467048
29.4264729148867
23.9509530790628
35.2313756109192
26.5325740479242
32.2687560123157
17.9790746552976
36.5142251912845
13.722205103369
6.70604821334241
14.8619324800628
28.1417349746284
24.609536239072
31.5664969134099
28.2143563714918
38.397351559345
30.8856867659827
13.6742774886755
26.6668783030053
27.1184138842302
39.3276100376355
0.168173775632994
12.4690249954611
11.1243184912779
34.0280548725448
59.1256595416128
32.6950169487939
8.79668111631607
36.2955068271616
5.8504865100806
13.1065032515625
31.0006162417641
27.8931996354423
32.1952219516228
6.15457171266004
31.2078821689454
14.3667665936629
25.7470276587112
27.5702924093111
18.7631810819393
29.7317980927517
29.9394095950074
45.1823978902279
46.6539498305438
66.8457267238326
29.4838266834065
29.8679519862491
47.9730778270084
17.3503817437666
51.6670404779833
87.2264580194884
51.2225548442134
37.8209678254472
30.5734374125874
27.4878279499197
29.2335842523077
34.4494479708632
3.33995016616395
27.2121523849941
37.624582626113
11.5180384046872
17.5580602603069
21.358975374994
13.0516221523424
39.5107576506253
33.7368199894331
57.6536726183683
16.7950592587599
63.6928246563601
77.2290524461703
133.394261462701
93.0916011908596
140.88259552583
137.082524588922
46.1005151840543
58.2247719235071
25.4255990997783
19.1984993349563
37.7363983289853
23.5120414707952
41.6766488869107
1.72653464205671E-05
6.60904645351398
4.70888282150072E-06
8.76116564634799E-06
8.26829201140432E-06
8.62436293277674E-06
1.01368214724192E-05
6.09420581134714E-06
7.63099404684453E-06
8.78273005147463E-06
1.01648674438129E-05
6.2942154513201E-06
8.44402430512695E-06
7.07358906904556E-06
7.58786969921827E-06
7.8806651433252E-06
7.25496982239515E-06
4.14711019767882E-06
6.86493842414101E-06
9.56256078208822E-06
9.47017507228863E-06
6.84916437282165E-06
7.38835910077025E-06
7.78248953641125E-06
1.02729403904795
9.18497572556325E-06
1.00991714498105
7.03431341984865E-06
7.26811470098326E-06
8.2483018099692E-06
5.2052283230367E-06
5.03842283070491E-06
3.18475096478411
1.05389641648765E-05
2.6576543414057
8.48962202716098E-06
4.80170860528869E-06
1.2004327223148
6.71695500058952E-06
5.76506380939314E-06
9.1375366827668E-06
11.3492697312616
1.29910351922976E-05
2.21738357912268
10.2917656748959
5.73828255039568E-06
4.74017586408565E-06
34.9681790528914
5.51457530912407E-06
4.30317113379495E-06
4.37540487546431E-06
4.81150158034651E-06
4.99846189938181E-06
5.95476915509857E-06
0.120176391680448
6.16224398167907E-06
3.70275780387374E-06
3.64299665724205E-06
5.03162668593598E-06
3.77216969659107E-06
4.25787105348848E-06
1.16870494961503
4.37410886544769E-06
1.28864482008723E-05
6.47346421560546E-06
3.92924811526024E-06
5.81949771435349
19.7067895736136
2.37377479755873
5.59969476086901E-06
0.173567851789211
5.51608617148663E-06
5.79467518334246E-06
4.33887038711402E-06
4.4412984886419E-06
4.18308539812029E-06
4.70163284652411E-06
1.59692514281025
8.07003424101604
5.98862745757319
15.6554156971072
8.24865230237201E-06
4.77677037529283
1.25391066651234E-05
5.54678269965581
1.31032281699452
6.82633030711065E-06
3.04679313801034
6.26078527870188
4.18030947462681
3.45363565228877
6.62450193020727E-06
5.7190975452053E-06
28.5311232023288
6.59056674233146E-06
1.52048337998141
4.95939618848028E-06
8.54100368685276E-06
15.8065119412637
18.8295835417537
8.51497113360764
3.63513929341719
19.8504665911863
61.5031255624215
0.3884736975651
7.33111492459036E-06
9.42487387728902E-06
13.4050147306929
9.25928003418441E-06
10.4306241961141
8.50021765984381E-06
29.7997053732053
58.7268693762214
78.0719547715963
0
