0.658159022177419
0.220879536290323
0.0683341733870968
0.0711000504032258
0.0376575100806452
0.0240864415322581
0.0305191532258065
0.0449344758064516
0.0792086693548387
0.0615864415322581
0.129164566532258
0.0420110887096774
0.0847908266129032
0.0876953125
0.760685483870968
0.943264868951613
0.0308152721774194
0
0
0
0.686328125
0.260748487903226
0.354214969758065
0.716116431451613
0.145753528225806
0.176039566532258
0.342376512096774
0.127211441532258
0.219587953629032
0.221226058467742
0.310055443548387
0.371112651209677
0.255525453629032
0.338539566532258
0.381439012096774
0.170665322580645
0.172725554435484
0.278143901209677
0.201764112903226
0.222164818548387
0.232560483870968
0.326612903225806
0.00350302419354839
0.0526524697580645
0.101480594758065
0.0154233870967742
0
0
0
0.0280241935483871
0
0.0138860887096774
1.20437878024194
0.427116935483871
0
0.102879284274194
0.0370022681451613
0
0
0
0.0244644657258065
0
0
0
0
0.0196257560483871
0
0
0.175207913306452
0.102066532258065
0
0
0
0
0
0
0
0
0
0
0
0
0
0
0
0
0
0
0
0
0
0
0
0
0
0
0
0
0
0
0
0
0
0
0
0
0
0
0
0
0
0
0
0
0
0
0
0
0
0
0
0
0
0
0
0
0
0
0
0
0
0
0
0
0
0
0
0
0
0
0
0
0
0
0
0
0
0
0
0
0
0
0
0
0
0
0
0
0
0
0
0
0
0
0
0
0
0
0
0
0
0
0
0
0
0
0
0
0
0.263564768145161
0
0
0
0
0
0
0
0
0
0
0
0
0
0
0
0
0
0
0
0
0
0.019758064516129
0
0
0
0
0.0279989919354839
0
0
0
0
0.125882056451613
0.00522933467741935
0
0
0
0
0
0
0
0
0
0
0
0
0
0
0
0.0193863407258065
0.0189453125
0
0
0
0
0
0
0
0
0
0
0.143201864919355
0.0786227318548387
0
0
0
0
0
0
0
0
0
0
0
0
0
0
0
0
0
0
0
0
0
0
0
0
0
0
0
0
0
0
0
0
0
0
0
0
0
0
0
0
0
0
0
0
0
0.149558971774194
0
0
0
0
0
0
0
0
0
0
0
0
0
0
0
0
0
0
0
0
0
0
0
0
0
0
0
0
0
0
0
0
0
0
0
0
0
0
0
0
0
0
0
0
0
0
0
0
0
0
0
0
0
0
0
0.195677923387097
0.357995211693548
0.0214276713709677
0
0
0
0.0034211189516129
0.0190461189516129
0.205185231854839
0
0
0
0
0
0
0
0
0
0
0
0
0
0
0
0
0
0
0
0
0
0
0
0
0
0
0
0
0
0
0
0
0
0
0
0
0
0
0
0
0
0
0
0
0
0.0159967237903226
0
0.15886466733871
0
0
0
0
0
0
0
0
0
0
0
0
0
0
0
0
0
0
0
0
0
0
0
0
0
0
0.246893901209677
0.0470514112903226
0
0
0
0.0409085181451613
0
0
0
0.026335685483871
0
0
0
0
0
0
0
0
0
0
0.0793409778225806
0
0
0
0
0
0
0
0
0
0
0
0
0
0
0
0
0
0
0
0
0
0
0
0
0
0
0
0
0
0
0
0
0
0
0
0
0
0
0
0.126064768145161
0
0
0.0042023689516129
0.0165448588709677
0
0
0
0
0
0
0
0
0
0
0
0
0
0
0.0892452116935484
0.156357106854839
0.00744707661290323
0
0
0
0
0
0.333581149193548
0.213539566532258
0
0
0
0
0
0
0
0
0
0
0.0252394153225806
0
0
0
0
0
0
0
0
0
0
0
0
0
0
0
0
0
0
0
0
0
0
0
0
0
0
0
0
0
0
0
0
0
0
0
0
0
0
0
0
0
0
0
0
0
0
0
0
0
0
0
0.364862651209677
0
0
0
0
0
0
0
0
0
0
0
0
0
0.135616179435484
0.00521673387096774
0
0
0
0
0.0411038306451613
0
0
0
0
0
0
0
0
0
0
0.0166897681451613
0
0
0.0219632056451613
0
0
0
0
0
0.074773185483871
0.384658518145161
0
0
0
0
0
0
0
0
0
0
0.324237651209677
0
0
0
0
0
0
0
0
0
0
0
0
0
0.0255103326612903
0
0
0
0
0
0
0
0
0
0
0
0
0
0
0
0
0
0
0
0
0
0
0.0100680443548387
0
0
0
0
0
0
0
0.228515625
0.124710181451613
0
0
0
0
0
0
0
0
0
0
0
0
0
0
0
0
0
0
0
0
0
0
0
0
0
0
0
0
0
0
0
0
0
0
0.278099798387097
0
0
0
0
0
0
0
0
0
0
0
0
0
0
0
0
0
0
0
0
0
0
0
0
0
0.302457157258065
0.192546622983871
0.00739667338709677
0
0
0
0
0
0
0
0
0
0
0
0
0
0.284740423387097
0
0
0
0
0
0
0
0
0.12448966733871
0.0559286794354839
0
0
0
0
0
0.115555695564516
0
0.0453251008064516
0
0.0289944556451613
0
0
0.0681514616935484
0
0
0
0
0
0.0212386592741936
0.365070564516129
0
0
0
0
0
0
0.0120589717741936
0.0380418346774194
0
0
0
0
0
0
0
0.230034022177419
0.161964465725806
0
0
0.0287046370967742
0.010124747983871
0
0
0
0.00459929435483871
0.0428175403225807
0
0
0
0
0
0
0
0
0
0.368403477822581
0.0283203125
0
0
0
0.0661479334677419
0
0
0
0
0
0
0
0
0
0
0
0
0
0
0
0
0
0
0
0
0
0
0
0.109620715725806
0
