21.8600622432953
51.7884130602843
2.87425454319266
1.32177061159165
0.543744060344609
1.23821664972664
0.537916504190789
1.28249470671238
0.920148869859326
1.22045975476778
2.50316331101105
2.2490987128925
1.91784374919135
3.09658427477963
102.003290183141
102.687186341565
1.72469389735944
0.567868296235526
0.606501416094385
0.52691151766405
25.862987315321
7.4485032313325
11.9343352200581
13.1983185035029
0.63268745559721
1.34458774290329
6.0268278741578
1.93913209773465
0.693426630645485
3.45731466838765
3.44452998510279
2.73092148633968
1.65727955751555
3.31943033608954
11.571563794792
3.55899125095214
2.70776849638501
4.86937199177698
2.27346217789835
1.24992042984966
3.74155240379646
9.63396662993329
0.247891408980883
0.43033926215076
0.774906991343471
0.45818712448091
0.088074388664716
0.081337002451249
0.0813956024478383
0.16360164222407
0.0807174587097362
2.08370596453969
18.1678973399651
3.48503217738794
0.0399380275362077
0.251979741256083
0.196640977220736
0.0358335004265727
0.148086252598678
0.198633727982149
0.21314792595856
0.0312143957579194
0.0474564461818811
0.0565756758654142
0.195578120801699
0.203689584787038
0.0845874673986431
0.0547535572626448
3.24478506610106
0.471995507136452
0.0748476719278639
0.106825134772618
0.0706122973928627
0.0873718037502603
0.140026601932455
0.0884614863836751
0.12183822223466
0.18837905699955
0.210933724529804
0.218893274929125
0.12397304271445
0.133714779982309
0.196678362617093
0.146985213845158
0.151215296069888
0.135745783834542
0.150043363784843
0.17129091651755
0.181047934564093
0.135199074740579
0.240790277894921
0.164742284766222
0.18245591362552
0.196765261322652
0.194044294299383
0.18367676411363
0.207172989730383
0.190467332479747
0.20613378503816
0.219685898529946
0.258490136953696
0.309046809346657
0.3239350116772
0.318917467770639
0.361487773236818
0.395810159870331
0.393742605783082
0.435951815090158
0.426002156551919
0.416900914336881
0.414900005768135
0.447785169973994
0.411761087196305
0.413265142593043
0.441286023561702
0.434459167441176
0.449261354712274
0.419222479000552
0.450853085214925
0.452533732398886
0.480144545236458
0.482300483659818
0.475717886793712
0.487061721091323
0.47459865327256
0.516926575904718
0.460598086956038
0.47339849595885
0.49590041912673
0.498413098463756
0.477509678192402
0.488194332763234
0.51305402342974
0.498449085141824
0.512386312310744
0.50845399875777
0.508254744376031
0.443243407907559
0.464786110958917
0.448870571613087
0.434489335223353
0.418886224764217
0.444653379463153
0.430603925014285
0.46565027786125
0.443588240433575
0.435280825244652
0.441742516144976
0.441167400887838
0.444600016589382
0.446457629026285
0.446291898915204
0.437912854346001
0.464078937224271
0.457101257931587
0.450848295623913
0.439856016979597
0.447797721329085
0.48218847973154
0.472683313131383
0.473480001940649
0.467929488597672
0.447527420445951
0.468368523756357
0.468576769389802
0.456333139631829
0.465587118880562
0.465662675054592
0.483586825087897
0.467500992621045
0.438686875145875
0.438476366790093
0.450301164314679
0.448210125046064
0.450348218916636
0.458105658734005
0.45979065407348
0.453940986577162
0.474677315597082
9.70951759811834
0.201769080768917
0.119843736898336
0.142539897255602
0.18030322724907
0.191733812475079
0.225534307018778
0.202511588764824
0.149436004301432
0.25550696723446
0.197338986035007
0.221738188940936
0.1661532472013
0.215288480079128
0.137829958619015
0.229250512400748
0.134218221743825
0.310542929548256
0.103399915468649
0.299339523416052
0.154045715377444
0.134089603735069
0.317064361311423
0.128327183852405
0.141443329702911
0.141203557290792
0.121274702803876
0.375074329039071
0.14919701731758
0.180810100697259
0.156682369850206
0.187881257233167
2.08071242163538
0.371081475309342
0.235623298108673
0.218218470409284
0.194830755950047
0.149594914430388
0.228435568166163
0.183899441718776
0.120950155114639
0.186851626629602
0.118308821644745
0.191621538743428
0.137192869741395
0.251764622815494
0.0976512921778799
0.176981974644109
0.0952338190839693
0.424177368166221
0.160583144910986
0.199788992810419
0.155469741480805
0.236385040762339
0.101106759572636
0.259222086163215
0.122152218033005
0.155243165080179
0.227346586452345
0.132727500138497
0.196588867930882
4.09937114660661
1.21331812628875
0.192914810564071
0.173776116407224
0.266259544518301
0.213505918026668
0.227937550597031
0.19359094028903
0.306694978014571
0.154308154854827
0.275097545419363
0.227522080983701
0.209716506585185
0.252928962989976
0.254748778912829
0.236422063696055
0.26632746243727
0.29476596241479
0.332998894611605
0.354930270265797
0.350744354486592
0.366202997170874
0.326799682167572
0.378487808486578
0.335614933491861
0.340872818965188
0.369730695625816
0.372189958174856
0.371136874719511
0.385501827183774
0.361038811069158
0.383923304824004
0.389030150398471
0.40095997809684
0.389826716134284
0.389225621063615
0.419115909355438
0.379048172713239
0.373705072667458
0.398982718642922
0.406963755274063
0.425570888618687
0.426257633886914
0.479429006952313
0.46260417337347
0.490587367253764
0.46016851682333
3.97709362561221
0.247308011572747
0.167616720541163
0.173387532274354
0.194237891705831
0.196358047652287
0.203363854833651
0.150153191662698
0.169894226835086
0.188611914939188
0.210983877117397
0.273984664677392
0.283268718344449
0.274216952839105
0.29062416856611
0.322551692106889
0.319390471598698
0.330316285977988
0.335797025873069
0.351979451265165
0.384567943779949
0.415977702295234
0.441211732886687
0.464075279422564
0.438760490543118
0.487713667012131
0.45461486635944
0.460275126895502
0.470542338365755
0.462040731953045
0.45038642330005
0.443267829331088
0.468324982677251
0.48828703710166
0.489652416832916
0.504268990324848
0.487779926717838
0.485537474669564
0.504033246054961
0.508861840595333
0.483188024885798
0.462220136699335
0.472605805775085
0.468830454287795
0.447783887731587
0.46732218438068
0.477217252049262
0.514303521344876
0.476916725222049
0.475657326087113
0.49134334537146
0.495862440300321
0.498329943645772
0.493848960192876
0.496824279519503
0.509842093129752
1.47277575968917
3.8231539922241
0.23785843458432
0.148087533488765
0.171347789702717
0.13393831430111
0.14998123916897
0.171817194444632
3.93566950681428
0.265148164471125
0.162828083455867
0.223764405181561
0.0935878743832732
0.147870459686831
0.205163837064904
0.23656167589397
0.246503924190173
0.266550348202314
0.184690100698928
0.175664702043811
0.18758693288601
0.190576125389049
0.233548483251925
0.174100797786928
0.153831729190748
0.227634943729334
0.231328820247047
0.249587928681144
0.269595864167234
0.263827532284804
0.210349465577715
0.161490378137915
0.148441926889438
0.211025429192948
0.110314734522241
0.212374334803651
0.194118216388376
0.265677676121503
0.27343125224571
0.249600433952268
0.294355945190661
0.281031514154241
0.328229317987813
0.327037272895165
0.328584624389456
0.319536562216376
0.372665345762208
0.323283703044927
0.361918145494149
0.337105988587836
0.346209824578785
0.323353012662563
0.275411327258246
0.26406050949298
0.305822004197513
0.189750928469059
5.41227657879348
0.347549624551165
0.126434192389188
0.145092695063352
0.169890766091485
0.239186497748392
0.220018287218894
0.0717997331684486
0.188176642536844
0.151677734173691
0.263383359579859
0.219470352222019
0.189538427179131
0.104812335693808
0.143949079564756
0.154299793110835
0.108006141571025
0.109326967793998
0.126380449186452
0.0988285285445635
0.106624530546706
0.112439358602137
0.115634309442216
0.232442413421695
0.112131828362968
0.101900604573877
0.1088411759098
5.53800328465008
0.897543458603359
0.141714830782815
0.135837214605644
0.139667438424014
0.307893636901523
0.0898484094390609
0.237130384761515
0.0833976457814504
0.358713627649894
0.135446105366144
0.162866714259692
0.248745920846066
0.178449242862456
0.160813315736661
0.190327840555649
0.183964607286101
0.192802672108243
0.261892279984018
0.0858654432843548
0.789041398958118
0.172692738854641
0.14070487850045
0.16082378827241
0.201708453026917
0.187887096481824
0.138990486215251
0.217835391479932
0.230574194647072
0.190678788053881
0.259779636567155
0.13870001999787
0.196545964691152
0.212216257681899
0.211890435898511
0.268012682480733
0.262577880028821
0.306496907620815
0.266355282351788
0.253673010289004
0.336736079583495
0.339339064051798
0.295613300625084
0.360981816837908
0.386726774700692
0.340557256344032
0.380740801269862
0.386639262320065
0.352287974720207
0.375513858336694
0.391602592696723
0.40946028728422
0.401698638518007
0.364661069351995
0.405305821922789
0.402734696859579
0.435671966012011
0.44400838599481
0.45025783907847
0.436090404829502
1.58016468382522
0.225196437992927
0.179481374993135
0.297923762061115
0.360356397330566
0.199877032567658
0.121162952392836
0.202983235766851
0.197899690837736
0.222766972725894
0.310211579690917
0.304076863465817
0.365638904654524
0.323126635284054
0.322988154178011
0.377228993491001
0.348552550040846
0.422674149932905
0.430219532642873
0.6913857682868
0.996871599341649
0.367947764174178
0.150234191775429
0.258559271096737
0.226196172051081
0.421762157546824
0.240738598910467
5.40705296101007
3.53293591586267
0.0710551114321158
0.0561833156283006
0.0470308437666815
0.129315090486807
0.153031869237853
0.198624702553846
0.179322274035133
0.178401891026061
0.195636352922089
0.170412890957932
0.175542404322021
0.208357618322868
0.174906598604055
0.270825119270957
0.307853367815938
0.396719424808005
0.238675727327166
0.289614028428417
0.322890694308938
0.304505018063252
0.310445224007228
0.314374985668609
0.266271474262056
0.283983013846669
0.312770048932664
0.351512115127418
0.32697900706431
0.370364186001143
0.356475036557178
0.39780071759372
0.294160760735112
0.169181079238584
0.323432116823511
0.233976979480063
0.283598132635942
0.288658529571258
0.228975566038456
0.254879338548169
0.176870085701087
0.235351549419603
0.177688814278736
0.303287900141387
0.237670065038003
0.339138148906048
0.302216199390535
0.331375191567073
0.298079377269817
0.241830458836068
0.18398158416762
0.20355696254494
0.258933374368365
0.19947143670391
0.28191968507557
0.24920165809755
0.371522960133923
0.332661796547812
0.169150764753372
0.151345003087861
0.122504967766024
0.148956365998527
0.143143666035046
0.218997424319687
6.4124365938488
0.343804660917396
0.371680845710955
0.39447464741115
0.332829062830502
0.296868148281537
0.208384447482858
0.167747728219416
0.0976508021410721
0.161245320272971
0.122006558780601
0.227717443585343
0.126586490341243
0.107251275532193
3.22596589636016
0.228419150164191
0.133183321472223
0.122548569361481
0.152114717515512
0.179656007304581
0.524364529009309
0.199765618316552
0.157252663904083
0.120834578498759
0.149542517971739
0.113621813271954
0.132756909883335
0.0997301647723844
0.0994628134386649
0.0776985057974481
0.0872579991377288
0.423614308285656
0.219061551986703
0.14394916184729
0.313849378635838
0.252602753402294
0.212134009864879
0.137739425811511
0.166333225454043
0.171388650667601
5.27074310131527
5.30736440564256
0.156339708030151
0.140899953458232
0.118910533785776
0.107742094283044
0.141427064610505
0.146977460635997
0.163039979607491
0.169186165894626
0.166859543574689
0.138497346049464
7.69158122600746
0.55770146738948
0.474160659680076
0.433347465164801
0.495402377459159
0.468867231076325
0.393410454001148
0.459618533024447
0.458952368488564
0.472752401088987
0.433104464547083
0.430954321321743
0.426516160097212
0.482702855778085
0.62217670052255
0.556692726953683
0.493287916881745
0.472994276112548
0.483566298551139
0.519897603072414
0.521906742996675
0.519082651393624
0.496521924417063
0.541458549715392
0.53097812948746
0.545531526533704
0.409788874904986
0.468522348505889
0.559225441543188
0.561105485777229
0.551842853241716
0.489551430953564
0.555643399669273
0.585234615427746
0.580497827623788
0.625130587836368
0.625087937027471
0.51999862392507
0.532291405446003
0.60613759974723
0.578554576485431
0.565257601845481
0.566122306933306
0.495880616660777
0.527235679912622
7.68835323999812
0.665466387557877
0.182212989799351
0.12981347856656
0.191411870775227
0.189180452368171
0.206172711020207
0.307549051315485
0.214398504785393
0.245364985940747
0.226634972546809
0.255051853122991
0.250199286169256
0.227111230725324
0.238594430658756
0.235749559385689
0.309003732999227
0.302190654568694
0.30880718788885
0.301964180090553
0.327944093700801
0.311252818496693
0.359511893326115
0.38804145136773
0.347867290662312
0.376236028879492
0.341305332863997
0.315160006334262
0.342108716951332
0.34918975456374
0.377885313461019
0.335961472725889
0.346502082249431
0.359559928647726
0.365586118402232
0.36460423221277
6.15450001429122
0.425682031848069
0.588646377867684
0.489926386375976
0.467818724528762
0.477750796950291
0.51167874111526
0.507705415866857
0.499875103469724
0.556128201542998
0.537873176508648
0.528651037280149
0.556180924192464
0.658067551223621
0.656873060227093
0.596481736765617
0.494779899955032
0.592403556317733
0.586834021575582
0.54169685218356
0.573913125814741
0.561670881367652
0.552180553492258
0.559676292322406
0.55727876198798
0.528099522908905
6.32351799340052
0.954720447098705
0.548689120547125
0.0750662349822563
0.0914164011355023
0.0782504051455487
0.100238396948014
0.129918540006558
0.0839362506855752
0.110930042820063
0.147109545618807
0.146953749085567
0.125918661344242
0.162620860811877
0.163915547715286
0.190381476180598
4.59579299491137
0.21339867132937
0.232276479263068
0.0529569452534491
0.0879704483819844
0.0670145577839308
0.095897625470155
0.157643599941371
0.17697197883407
5.57129850267509
0.369886917170136
0.104676824732566
0.0884956526723444
0.136749431386483
0.116669224378596
0.0394291961274406
1.98301718469696
0.121716897822118
0.453157006894122
0.213353691519975
0.680067847252982
0.14602806722623
0.0929818315268627
0.996335597386593
0.217644145397461
0.0791590777724891
0.0836725093313133
0.107873736484689
0.0659790512311774
1.17596838619056
7.30435949072873
0.186168939074971
0.191940681421308
0.210457547594129
0.162849950921332
0.219027339250585
0.15895143562612
0.300854506145943
0.378152978264749
0.318932594461697
0.226134665034928
0.122178514817628
0.248619781837963
0.258332084934411
0.390603712202685
0.324162092495126
6.29262157140434
1.53877259366004
0.459092491971306
0.185965919370084
0.417039806815263
0.442428098015399
0.39494787971911
0.174499923286966
0.500206712645299
0.217509946508926
0.812773022348764
0.187980991134869
0.231693623556019
0.198009923502908
0.143384245919322
0.160763777336003
0.198260146450112
0.161066469242089
0.187184583330585
0.195665321276602
8.35702147664759
0.689996734150297
0.357328384923276
0.121149610076046
0.128179981011318
0.518186699905357
0.324094085672651
0.164463130555389
0.0693507315735172
0.15782208892693
0.0903498008444235
0.199671518180101
0.0833606792285979
0.103537446067712
0.119215499358404
0.122517037497059
0.14178950855779
0.145359485569114
0.152032620278818
0.169642025527387
0.171434740492668
0.194014480722091
0.17774710212839
0.165736862343045
0.180139587226363
0.149359632215007
0.16200717214617
0.160944153842193
0.175097848340586
4.95350413896004
0
