0
0
322902.946959374
838951.647081471
1268542.58093501
66959.3337095496
951185.752428714
385689.015539482
0
0
0
488204.959237133
77617.3760334685
327189.575645359
167933.978436643
0
0
0
19311.0662979071
0
0
908074.100764391
0
537829.252698143
12683.0031293971
0
0
0
0
0
0
0
0
0
0
0
0
0
0
0
0
0
0
100795.374827586
0
0
0
0
0
0
0
0
0
0
0
0
398359.680162628
0
0
369480.589523145
1212280.05674252
0
0
0
519133.203252036
14435.0750269025
0
0
0
18735880.9966659
26656.7758209053
0
0
0
0
0
0
0
0
0
0
0
0
0
0
0
0
30968.0476352092
0
0
0
0
0
0
0
0
0
250996.995012925
12970.3329494809
0
689220.015218137
22758.8881753215
0
1231116.75022885
0
689491.251994728
210442.82917138
0
0
18065.9364682044
465655.184921775
0
0
1795153.87364783
280047.823462007
0
310209.193856807
29869.9681601501
2792279.77786172
0
0
1108102.37776682
0
60509.612946606
0
452526.007988191
586100.353699774
244514.655626506
0
0
986161.041945715
0
0
146844.985489973
75210.498053073
0
2076501.10244532
139879.072294197
54330.3295267441
98003.070265176
0
238444.246124743
0
553435.615529432
1376061.38537767
760974.575679878
1677.6631476692
0
215329.660415068
419608.412973883
60676.460653152
384780.216493186
167077.48707463
764757.953302614
0
0
0
90370.9000429746
361686.867556583
691832.730466723
140762.877507933
382640.988787635
0
0
1381438.32289365
100297.704768588
62180.6621552067
89432.4273745544
604836.917071141
1052841.9057134
106462.043944472
32330.4884302008
59623.5274699566
317111.87452536
299087.726221437
2394248.76917
130995.600514794
1867553.22765736
0
0
0
0
0
923972.850951295
38546.4654870767
0
0
0
0
27491.60267109
0
0
258441.444803431
0
398367.66741654
251178.316154566
10536066.5602201
0
0
0
202930.561251928
0
0
0
0
0
0
0
0
0
84165.6756454527
212005.19816213
0
2474704.65774461
633184.487497429
0
0
864049.099021198
0
0
0
0
0
0
0
0
0
1996927.9646673
0
0
0
0
0
1513764.44292525
0
0
0
0
0
0
0
0
0
0
0
0
0
0
0
0
0
0
35639.2931135753
0
0
0
0
0
0
0
0
0
0
0
0
19196.0654607881
64093.6135011194
0
354966.933557633
298355.082952898
195215.371293159
1116997.37098797
0
1328161.38060923
0
3644784.94328663
93227.5493540255
114591.426068758
0
63649.4511995323
0
0
445173.96485877
0
0
58772.2606400364
100636.46098964
0
90108.3975031302
0
95068.5973719942
577971.65495288
0
0
0
93978.9058817791
200958.349697134
0
802636.372196875
0
2789.13743801691
32272.6606309309
0
0
0
466016.633635686
261751.401244721
246764.08452303
1794994.78463591
67135.5651653965
0
241000.445756812
205877.820028203
324052.849702836
0
367399.208528705
1078690.52049289
0
0
107180.736983155
0
63377.3446878005
0
319536.176598119
1553094.21846037
0
0
352514.772713972
1996842.3151394
20170.8744306364
0
1199252.05284587
506785.225621836
0
296053.765966704
0
1225527.62467165
0
0
0
0
221257.517080019
24058.9264926596
184566.332445204
840585.237163231
133744.256218118
11.2597626708402
64430.4067199605
22057.6438031891
12906.0665375613
0
5879.38149020491
885755.055896159
62239.2317444963
0
0
15414986.6199561
50069.2722328579
0
76414.173831492
0
15412.6210615959
0
0
13667.8406156146
105877.1189462
0
0
0
85115.5485068132
398072.776032523
593193.218377023
14018.5284929762
0
5044.46850735901
0
0
44423.5479832838
0
0
0
59854.0492615779
6951.69587950728
0
500222.337620126
175374.32487031
0
20162.4791578133
41330.7520376488
3643.14372087149
111532.183658628
29861.4353096885
0
0
580550.355473663
0
51756.4275813307
395319.626079597
348550.06899764
0
0
0
0
0
36759.7501178878
0
0
6684.76406240185
0
0
0
0
0
0
61705.4290737094
2583024.45724987
1217047.72788801
2545906.77794414
2799984.1064109
19889849.3087285
526839.573672701
15877525.2862355
41522.9527394203
0
3599943.45313331
3165249.96780139
11833.6987974446
9045.61602530298
0
0
0
0
0
0
25799809.7428832
0
0
0
0
0
0
0
0
0
0
343559.071816623
2396370.60477128
0
0
0
0
0
0
219955.001443187
28643.2288835772
0
0
0
0
0
0
0
113409.609119889
15469.3493267326
0
0
0
42885.6745288459
0
0
0
0
0
0
157704.102749968
0
0
0
130.968142610788
0
0
0
0
109670.076965493
0
0
0
0
0
0
47072.1311793046
0
0
0
0
0
0
0
0
2297879.7237021
0
151428.57844101
0
0
13605.5097578532
0
0
0
0
0
0
60022.816105583
9469.22873875166
0
0
566593.324987672
8657.90210865248
0
7139.7745524397
0
0
75489.5196430008
4565.53545564778
0
97685.4208645285
0
96373.3489423261
0
0
0
0
0
0
0
0
283433.471165408
11010.8364711547
0
0
0
0
0
0
0
0
0
0
0
0
31101.7676663234
0
92036.8052731854
0
165822.259694709
0
11694.4257706037
0
0
0
0
8174.01159752362
113884.572070433
0
0
0
1155822.32910483
0
0
0
0
23680.929151078
0
0
0
0
0
0
4528.22746884791
0
13100.0280716014
0
6359110.77302378
2382140.0635349
0
267901.833425724
797580.965407563
21427.5286972842
0
0
328433.864904324
1012687.13168297
0
0
0
143799.542431846
80733.673815966
1640826.89991657
4150.99455518007
0
22334405.4861148
15859536.2451484
4128793.05542965
63074233.8968952
26765902.5230811
36710652.5580825
5689674.21280957
110056.048477282
21420240.9190917
1105062.18036104
0
0
0
0
0
35834784.0203517
53427898.8281896
0
1794371.4898377
0
0
0
0
0
62793.4988715604
0
0
0
0
0
0
0
0
0
317422.848374116
0
0
0
0
0
0
0
0
0
0
0
0
0
0
0
0
0
0
0
31159.3866737393
169405.189185028
18219.8018560035
0
0
89297.1864463466
16818.6242079738
0
0
0
75574.1478124485
0
403847.109097889
74179.7530054911
0
0
0
0
0
18730.3485419658
0
0
0
0
0
0
0
0
174552.037187547
0
0
0
0
0
0
0
0
48628.5997823729
0
159201.788095483
293887.519289348
66826.4938553997
16837.3308040672
36516.2071073383
0
0
1544849.27240001
172978.457493213
88606.8434050894
415455.202170389
0
79338.0943500286
80780.7706870021
124288.39223078
318379.19805878
140165.171663994
282742.106242243
220015.021265054
39655.628009628
9863.92782724687
0
977.271142900981
0
0
0
0
0
0
0
0
0
8459.66006593364
0
0
0
0
0
0
0
0
0
0
0
0
0
0
0
0
0
0
0
0
0
0
96571.1474571084
0
0
0
0
0
0
0
0
14006.0518675505
0
0
0
0
0
0
0
0
0
0
1035994.2496872
47606.8981592629
28957764.7628393
1043223.27218055
0
2046451.57845892
0
0
139840.297147211
29393568.572399
27835622.5024404
3373589.71198322
0
0
0
0
0
0
0
0
0
3697.54759509634
6133611.68817455
0
0
0
0
0
0
0
0
0
0
0
2107147.02075609
46683.8398201059
0
0
4391208.49772305
0
97860.823341216
0
0
0
0
7034968.64930076
23221319.0567649
333007.201712213
0
11484508.6591267
10183313.3359145
910199.280512195
0
0
0
0
0
0
0
0
0
0
0
0
0
0
0
0
0
0
0
0
0
0
0
0
74758.3044402528
0
0
0
0
0
0
