0
0
0
0
0
0
0
0
0
0
0
0
0
0
0
0
0
0
0
0
0
0
0
0
0
0
0
0
0
0
0
0
0
0
0
0
0
0
0
0
0
0
0
0
0
0
0
0
0
0
0
0
0
0
0
0
0
0
0
0
0
0
0
0
0
0
0
0
0
0
0
0
0
0
0
0
0
0
0
0
0
0
0
0
0
0
0
0
0
0
0
0
0
0
0
0
0
0
0
0
0
0
0
0
0
0
0
0
0
0
0
0
0
0
0
0
0
0
0
0
0
0
0
0
0
0
0
0
0
0
0
0
0
0
0
0
0
0
0
0
0
0
0
0
0
0
0
0
0
0
0
0
0
0
0
0
0
0
0
0
0
0
0
0
0
0
0
0
0
0
0
0
0
0
0
0
0
0
0
0
0
0
0
0
0
0
0
0
0
0
0
0
0
0
0
0
0
0
0
0
0
0
0
0
0
0
0
0
0
0
0
0
0
0
0
0
0
0
0
0
0
0
0
0
0
0
0
0
0
0
0
0
0
0
0
0
0
0
0
0
0
0
0
0
0
0
0
0
0
0
0
0
0
0
0
0
0
0
0
0
0
0
0
0
0
0
0
0
0
0
0
0
0
0
0
19726.1059922553
0
0
0
0
0
0
0
0
0
0
0
0
0
0
0
0
0
0
0
0
31992.2480288804
0
0
0
0
0
0
0
0
0
0
0
0
0
0
0
0
0
0
0
0
0
0
0
0
0
0
0
0
29637.7130117326
0
0
0
0
0
0
0
0
0
0
0
0
0
0
0
0
0
0
0
0
0
0
0
0
0
0
0
0
0
0
0
0
0
0
0
0
0
0
0
0
0
0
0
0
0
0
0
0
0
0
0
0
0
0
0
0
0
0
0
0
0
0
0
0
0
0
0
23051.2845094083
0
0
0
27994.3559978263
0
0
0
0
0
0
0
0
0
0
0
0
0
0
10253.1062806829
0
0
9543.13511839892
35548.0463401424
0
0
0
0
0
26709.863079396
0
0
0
0
0
0
0
0
0
0
0
25670.1108452278
0
10580.3590773245
0
0
0
0
0
0
0
0
0
84.0650239915031
0
0
0
0
32564.410448589
33969.6515792718
0
0
0
0
0
0
0
0
0
0
0
0
0
0
0
0
0
0
0
0
0
88.9125477231119
0
0
0
0
0
0
0
0
0
0
0
0
0
0
0
0
0
0
0
0
0
0
0
0
0
0
0
0
0
0
0
0
0
0
0
0
0
0
0
0
21492.5778452026
71.8474355068989
0
0
0
0
0
0
0
0
0
82.1103900127898
0
0
0
44371.5860034244
24476.3269802988
0
0
0
0
0
0
0
0
0
0
0
0
0
0
0
0
0
0
28797.4827423402
0
0
0
0
0
0
0
0
0
0
0
0
0
0
0
0
0
0
0
0
0
0
0
0
0
0
0
0
0
0
0
0
0
29890.2993053725
0
0
0
0
23890.0971381513
85.0259390557959
0
0
0
0
0
0
0
0
0
0
86.1394413011554
0
0
0
2702.11477609188
300.590342206534
162.960253745953
0
0
0
0
0
0
0
17872.9901087903
0
0
0
0
0
0
0
0
0
40354.3404230515
0
0
0
0
0
0
0
0
0
0
0
0
0
0
0
0
23098.4519803935
0
0
0
0
0
0
0
0
0
0
0
0
0
0
0
0
0
0
0
0
0
0
0
0
0
0
0
0
0
0
0
0
0
0
0
0
0
0
0
0
0
0
0
0
0
0
0
0
0
0
0
0
0
0
0
0
0
12112.9839031982
0
0
0
0
0
0
0
0
0
17153.9336053021
0
0
0
0
0
0
0
0
0
0
0
0
0
0
0
0
0
0
0
0
0
0
0
0
0
0
0
0
0
0
0
0
0
0
0
0
0
0
0
0
0
0
0
0
0
0
0
0
0
0
0
0
0
0
17554.2390220271
0
0
0
0
0
0
22583.3063844007
0
0
0
0
0
26228.1320191598
0
0
0
0
0
0
0
0
0
0
131.370959076971
0
0
0
0
0
0
0
0
0
0
0
21175.7923546347
0
0
0
0
0
0
0
0
0
0
0
0
0
0
0
0
16906.9871260332
0
0
0
0
0
0
0
0
0
0
0
0
0
0
0
0
0
0
0
0
0
0
0
0
0
0
0
0
0
0
0
