NaN
NaN
NaN
NaN
3.54879577145566
NaN
NaN
3.29352611506656
NaN
NaN
NaN
NaN
NaN
NaN
NaN
NaN
NaN
2.55143627775021
2.65751146040485
NaN
NaN
NaN
NaN
NaN
NaN
NaN
NaN
NaN
NaN
NaN
NaN
NaN
NaN
NaN
NaN
NaN
NaN
NaN
NaN
NaN
NaN
NaN
NaN
NaN
NaN
NaN
2.67857883897122
2.82639999293419
NaN
NaN
2.759353046012
NaN
NaN
NaN
1.89784922020136
NaN
NaN
1.90320606801166
2.66012224677121
NaN
2.50422746843842
2.37837416012878
2.61581037350747
3.01692577496711
NaN
NaN
2.62074253665302
3.13339723147738
NaN
NaN
2.8169728508683
2.70076616765525
2.84481466544157
3.12532821200961
NaN
2.88890770983167
3.81836543141716
3.17669611799938
3.73585402329066
NaN
NaN
3.22102959791267
4.07918283458634
3.51931543835349
3.12796296792403
3.56238870250521
3.72351024174238
3.49670827191958
3.6577210660643
3.80713034183694
NaN
4.17621218508021
4.50722569047313
4.44035416156701
4.43924328291744
4.9967047378727
5.00869422110829
5.6749280123105
5.74561326608786
5.66331441891779
5.54120192917993
6.18737045179538
6.06388559123498
5.72525974909305
5.7506295610788
6.67606689267315
6.55112205888692
6.28599637207028
5.99443990905514
6.83411922303713
5.89002776642992
6.8172929380953
6.2107304981334
6.74368733184236
6.30052777618287
6.61819888546168
6.7288550576098
6.36415805185343
6.42362636771886
6.67771631568909
7.13657922644448
6.28290501040092
7.00513981037086
7.12128926869642
6.95180348640776
6.73775602653831
7.1568640529661
7.5231207568591
6.87761575968365
8.31927269300614
6.7908539067272
7.2593994098924
7.8406149902338
7.73033101076212
6.81904686734575
7.80915807468882
7.29337352754419
7.74782415199445
6.92597914079018
6.74551684082076
7.02171687337759
7.33756096883951
7.43806151969811
7.03857162289327
7.33006932849857
6.81402975672769
7.14053430967263
6.75125033111076
6.1075387494276
7.26205185308155
6.8722573636805
7.3562752041954
7.57231312241661
7.2705418556728
6.79406046018624
7.71111091983129
7.72546635707875
7.38274642576968
6.21788622829196
7.04883834075538
6.80028730342638
6.86833472872713
7.85413375010104
7.2112264375016
7.01546252036472
7.59387823656499
6.80615509262838
7.1766205743968
7.8704935837992
7.21874726090139
6.7935288068493
7.24277943517734
7.70202483511067
6.59113961463105
7.14478365319517
7.32665928015315
7.32692346440702
7.33060426156422
6.63887070046539
NaN
4.64651519662655
4.80670984312066
4.50048985141117
5.09525643943335
4.89894416687621
4.73570978147121
6.18603724937646
4.16446285635168
4.51866598487692
4.30358536077215
5.99765470229922
5.03508413019246
6.57392791873554
6.23662566652673
4.35943641008831
5.49894657132527
5.25362672954559
3.58817297695795
6.31424568006807
NaN
3.77972760346558
NaN
5.03147174919264
4.25836410980502
3.59386647262705
4.48702174236402
NaN
4.4340102301708
3.98512840418375
3.48543545833417
4.29433323304034
NaN
NaN
4.19239025696647
3.87962896311574
3.74502090106527
4.90950291553432
3.90141142081619
3.2092593378401
2.31780671096565
2.56952497959267
3.15422771462762
2.81705406018294
2.48929072428486
2.74875821282152
3.6982556189984
3.01381538568439
3.47184180165141
NaN
NaN
3.25284670207175
2.91653243342295
3.06756079008747
3.00867030624835
NaN
2.74060716746182
3.3126444831948
2.93090437691269
2.21693628866119
2.60471713480311
NaN
NaN
2.44158321444301
3.35865050230939
3.02036605037858
4.02963138638792
2.35196860468611
3.31361625635952
2.5788073390625
3.71239194773825
4.53277749061295
3.06688951902159
3.54956507693607
4.40959589578207
2.60538322792172
3.08056210786287
3.44993045497849
3.77918043135181
3.8195902907068
4.13915445215718
3.64734802487986
4.24980065525194
4.34191326521143
4.33109362592021
4.99759781298458
4.31693616789125
4.69445192626112
4.48008052960444
5.43216098298215
5.23290182163283
5.28155780027784
5.24130161496862
4.99914219771184
5.6378418142329
5.800946882522
5.07056541946869
5.7082332980693
5.76107884057485
5.33014719215574
5.91235412955984
6.23454211003558
5.99986882061133
5.66280667288342
5.91764034718931
5.60562891644044
6.43910631562203
6.20211878561507
NaN
4.89061317302447
4.40675839849499
5.43394945363695
NaN
NaN
3.35099482534855
4.57370551669868
4.27669277405349
3.90372867065481
3.74149702688355
3.91368783183164
4.12044235767704
5.18035930703202
4.61412899839201
4.59940184787827
5.00621560627297
4.99216566628459
5.3360900959627
5.52540060337176
5.82433124218821
4.94628381203393
5.79551423974424
5.41842438381001
5.73785412168644
5.40653566767995
6.62387010522117
5.31652811211818
6.15744345868639
5.50367953147064
6.00480423460511
6.03645649183066
6.75793036081314
NaN
NaN
NaN
5.69171373197212
5.86788265167561
5.4182707017558
NaN
NaN
NaN
6.02340056870928
NaN
NaN
6.05992086245254
NaN
NaN
6.28709763741707
NaN
6.37759943569882
6.48246788729948
NaN
NaN
NaN
5.92329936693927
NaN
NaN
NaN
3.94888824724563
3.9885734185929
4.57287384725344
NaN
NaN
NaN
2.74835986996632
NaN
4.78187052677106
2.83047406209301
4.29845595644267
3.26828430519458
2.84501358332424
3.26479598365036
3.18375887800847
4.28526385182233
2.9381861824561
3.79724896775506
3.12933585201505
3.25746545778796
4.09274051215942
3.99453814511693
3.25969203960347
3.55432845027575
3.50419348678121
4.88407621129779
3.85444182149412
NaN
3.56036616053625
4.57773633134659
4.46910704925454
3.47430521529382
4.45093792115317
3.93347692271151
4.19809824107282
4.42536545238233
3.25679662598317
3.70911810108604
3.72213809827118
3.64534420296592
4.23623368588802
4.23820088243717
4.30714790093862
4.04248508414768
4.15060372625825
4.74082072132629
4.24702183187705
4.54063086542125
NaN
4.04241186421096
5.00554867128708
NaN
4.92979884848481
NaN
4.40243023487054
3.37945297873448
4.47972858952632
3.50057162005095
4.43166737955602
4.22476687435863
3.72052345632084
2.33321904767703
1.93962037000627
2.29522173361275
2.38274486459072
2.32643855990088
2.60534930155137
2.11744984658666
2.15408926818693
2.34117536379447
2.66993482079908
2.30762351902702
2.53645536166085
2.84961211983499
2.427731990283
2.7610980429634
2.32569547028872
2.09037869129227
2.66170226827884
2.2885065741431
NaN
NaN
2.12393531596021
2.11808515341262
2.07845233318314
NaN
1.92695504832081
NaN
3.38539743440991
NaN
1.93297947124829
NaN
1.99323193032449
2.66502993012317
2.34751320170448
2.47699104336096
2.99423897426953
2.45111259586811
2.52601542290773
2.26912982517568
NaN
1.83510797164152
3.13534820465308
3.3750817687351
3.55873702624137
3.08994019942204
NaN
3.20189470895665
3.19425721752129
3.74297691115586
3.87805815786341
2.88102650781966
3.32977343319639
2.65662920632701
3.78572080909756
3.21255828240136
3.33887138294115
3.34096111741775
3.6404214821863
3.63055181079808
3.43113711182345
4.02036847359905
3.67417958179808
3.72358452362024
4.49889096764414
3.76496587813859
3.41835601408288
4.25949412985943
4.70925163406813
3.76322384828352
3.88830175723627
3.87171659469425
4.20583652047709
4.51981422937277
4.59905132001978
4.21562057712981
3.90998899210472
4.82775094647783
4.29640383690876
4.69302765760933
NaN
4.43731696112753
4.27821656088815
NaN
NaN
5.05945384745709
4.53491253648085
4.55327423054295
3.65830670790485
3.73904477226014
3.48977346675275
3.92640301487666
3.80018230623588
4.38029058331088
3.75713218000016
4.21135075883573
4.3388445880429
3.762945763228
4.14969580609888
NaN
NaN
NaN
NaN
4.23516552217609
3.75747330041439
NaN
3.71013006557643
NaN
NaN
2.09317546662737
2.08428733277363
1.96334461357561
2.30794843043692
3.86621636950947
2.89191172677223
3.93358660451489
3.46661642896883
2.85105901407375
3.91497158217778
NaN
3.34440175009712
3.4266944161247
3.7059164877568
2.81089611793462
2.62041276880751
2.94564492608848
3.42512431786552
2.74216515432317
3.88133312734365
4.11368804799092
3.35360198613907
3.50150176224337
3.54932562318705
3.36211758919008
3.03075438402754
3.20739568618194
2.90835305084622
4.55571778058562
3.28398969621775
4.01648850514893
2.69344656452478
3.65573796026442
3.16439187907995
3.58856963517578
3.3060802680064
3.35122337519326
3.86826677064029
2.94488879452722
3.92732330566294
2.64627503235804
3.29250768704018
3.04822788947737
2.83761693193695
3.84933298047651
3.22557816359617
4.29557347362464
4.25299406479727
3.85190188084944
3.08768133875598
3.73421394424481
2.93494825680556
3.31889896664323
2.92963841748683
3.78911262180104
3.47290235784962
NaN
3.86780777922867
3.22168770291736
3.39401451746687
3.64712502374692
3.10160090460197
NaN
1.95498415599197
3.78083771018022
3.46836849310681
3.95991613086091
3.35855515577104
2.81817472576186
2.13359885675708
2.46579414824593
2.30325094350954
1.98544811788205
2.17694167314537
2.08198567718436
2.0149152809507
NaN
1.98728266913334
1.91107437827129
1.83422428550862
2.28169773067276
2.68768989052966
NaN
1.86697010421496
2.62287178792269
2.65961640298681
2.46523570152227
4.28201367359892
2.63825607816487
3.00771829369643
2.28992220423247
2.31945213539677
2.77249954102626
NaN
1.87147787167974
1.73598602294095
NaN
1.94801342135452
1.61945374460799
2.56079680617655
2.80843290997735
1.68578530106978
NaN
NaN
1.7222066775362
1.72662243239475
2.13640343619453
2.06991121730689
2.82434601959126
2.90366301614601
2.64137746775651
2.57769288153122
2.66488935952846
2.36311727739496
NaN
2.80530532174911
2.8343980951494
3.24718426950191
2.78023959504009
2.96370246301642
2.94288012220422
2.27359161623881
2.79407518273523
2.99952828866293
2.56660931889939
2.61493145857891
3.13070693354197
2.86461285455869
NaN
3.12014838363708
3.27746207561995
3.68061503950459
3.17724233115629
3.28635898625051
3.33336963563041
3.60513819053177
3.50684056041433
3.55378872687162
3.86685447437957
3.51782668152711
4.30490560850304
3.30833468040419
3.29342893571032
3.57303866094848
4.13120752877244
3.35264559636196
3.5560756852282
3.37842125983472
3.69860173926269
3.90547797416617
4.39253418710334
NaN
3.52552303495021
3.55430458305776
4.13245113486226
3.62077383096526
4.96785368762768
4.75621272538495
3.86687834198583
NaN
NaN
3.48032267800238
3.11766068114394
3.40518400768347
3.6056071134909
3.4162102954937
4.25136983367658
3.26058861089263
3.81576663886808
3.10277401259733
3.64400584501443
4.00406047524019
4.27065342505417
3.6571416484852
4.15796195790352
4.38217229520077
5.55589383174203
4.6850502232676
4.3625411531261
4.51516393687803
4.34881526671438
4.37973441760864
4.35381086991819
4.49110782861697
4.85976479731966
4.73071158351101
4.2636392251047
4.79774707097086
4.89635471873857
NaN
4.59461134257827
4.55771352470079
4.69353318874476
5.13349218423442
5.20578138091503
NaN
3.89957825080517
3.43050961178931
3.45765868687619
3.72537356126469
4.04552995840091
3.3880564801013
4.07476889075295
3.63013955165222
3.86664824900444
3.95011646990417
4.02980636116663
4.04420125982015
3.39877191048245
3.65815581068561
3.90442279443236
3.56897877993361
4.27402410433912
NaN
3.43009164025186
4.26500744329928
3.12735673629674
3.53938781714927
3.32375021703508
3.19484376218292
3.58091742950233
NaN
NaN
NaN
2.37689515564498
2.81692729643845
3.60642684261512
2.5037314628145
3.24907165002975
3.42280133229741
3.53804529263486
2.79771949260712
3.57303120551246
2.94354564342416
3.2360395095591
3.23030333273107
2.96746282097499
NaN
NaN
2.677242164354
3.28580499872852
2.39600962305102
3.15441415926506
2.38991608382906
3.6797128336007
2.99130009263506
NaN
NaN
2.84604035099832
2.94872702289386
1.83075125539456
2.49545329067946
2.1854699030265
NaN
2.86580637426759
NaN
1.74233306078281
NaN
2.18807309321288
2.04851780540095
NaN
3.50982710855444
3.38920172951696
2.49798287215564
NaN
1.59931208652831
NaN
NaN
1.57881793303187
1.58170777818806
1.58408239050053
1.77996117926517
1.86681690591682
2.00115017616445
NaN
NaN
1.61296119239473
1.56379510623958
1.78983365047398
1.73947112540104
1.7151850671812
1.80863037383114
1.84142703681227
NaN
NaN
1.74643362456199
2.39632831493104
NaN
2.07206561415202
1.6694223495123
2.64007952046743
1.86761070242781
NaN
NaN
1.82926228300894
1.81298510802058
1.79669754442476
3.2077615699495
2.46607334111878
1.91053417617035
1.85542818808127
2.11993010534439
2.7484893478079
NaN
NaN
2.20016935094149
2.32179136337823
1.91970407690485
NaN
2.03942747310203
2.17279392560081
1.9604934533782
2.05375511894525
2.41794548643507
2.05405888980603
1.74109284114074
1.87645196241574
2.24681470149218
2.41532344997896
2.65194954737479
2.6224300303785
2.92354431338662
2.11329662271272
2.77349874948889
3.54070950980224
2.41529472295129
2.93285076508927
2.33320627193151
2.20751515672807
2.76762606386319
3.03028939986659
2.59682606003086
NaN
NaN
0
