0
0
0
0
0
0
0
0
0
0
0
0
0
0
0
0
0
0
0
0
0
0
0
0
0
0
0
0
0
0
0
0
0
0
0
0
0
0
0
0
0
0
0
0
0
0
0
0
0
0
0
0
0
0
0
0
0
0
0
0
0
0
617.90808593029
0
0
0
1285.93976677247
0
0
0
0
1089.24811150696
605.431368805194
351.336797461226
3233.18226766085
0
0
0
2448.63909454913
4650.83509755904
0
4257.31163685567
7065.62866579455
4859.78374920923
4447.7878746722
4091.01731297314
7713.53072859644
9495.47641598636
8165.14577782268
7660.64185532549
5918.41652481936
5956.35148595996
24130.6816207179
12039.5962896572
8978.12135929377
26531.7256206865
20749.6515495578
17512.4267529863
15070.9437382097
16296.6532810917
15881.9357238489
20811.3414105522
17330.4074953789
16077.3963775481
12018.86621788
23207.3740410817
21862.1679060121
23591.2182374113
17408.094396124
21864.6687322613
20413.8333565724
15553.2084896845
21055.1087188253
20351.3855484171
19768.0313682055
18993.0894585866
14827.0499555146
22187.8469902574
14890.5698951035
19435.384114112
20022.9554766506
16976.1425615164
8701.7921697726
21183.625857101
19523.9149238365
19468.3853088422
17593.8551261929
11515.8696239958
17999.5702208679
26367.5915879684
10623.0021793353
24293.2315289752
16613.778471816
20166.05343537
18996.3010632193
17021.0662132655
22107.5290131362
9316.60462076573
23177.8520600363
20110.2006738564
12427.097080117
15944.650817408
13620.3716905293
11213.1659734734
24882.2469269906
10300.9359374681
23334.6524630718
20486.9817144077
18448.2239543119
13118.5442627444
8305.03557293045
19380.4385778654
8684.43283192513
11450.8234459881
14792.4674135663
17351.8818451218
12274.8247999242
18704.2747351184
15512.7419631532
19884.6976811723
15229.1665557439
19431.352978678
16819.2780032379
12429.5135260679
20700.6558226045
9530.29647997498
8416.69513523443
19764.669277426
0
18246.2641347038
11981.4119486765
11155.2271199628
13719.9047069716
15251.9553572443
13890.5843519511
10995.3189042611
12528.0282005985
13002.3212837384
8612.95536130563
879.542397383367
2718.12929737061
4480.27098293389
9911.45331487847
8592.64429579996
8652.66930429747
8085.37436377368
14561.841092432
8574.09286975969
11105.5095501994
6989.30708684556
5206.38536458136
8714.43492692382
5864.26380867606
4518.42114467687
2296.04063556216
4180.19528364542
1468.57920375946
1292.66580213923
9065.51319935242
4554.21931608237
4646.9845636753
4119.58404314515
6645.22242899124
3334.63170859906
4781.90223828965
4919.2035694218
0
4683.65775971563
4448.66271195785
2160.69273454508
6793.92355222526
4403.99014758626
0
394.881323314406
1051.22181939415
7148.50899105635
4091.81131877394
3069.81441553623
2181.17366606134
0
0
0
0
0
0
0
0
0
298.186229216948
0
3404.64604808346
332.964319123
2892.86318707372
1451.09310107759
0
0
2721.72957317282
0
0
2007.711392882
0
0
0
3396.4998483339
0
5293.19517092591
1247.52205236718
7861.23122160781
2730.91322400117
7266.56135837975
0
3092.54506466684
10873.6914024305
4263.64200152457
0
8910.27782830342
3884.69597186235
3386.86905990597
6058.70613526228
14130.0098593858
12306.1493023508
13266.760277792
9760.85122202138
5318.0606689159
12296.017782388
9342.03365331205
11709.6689417543
10508.1325510531
10565.2193024293
25072.7411641767
8806.80774419783
14646.8194028323
13423.0006511278
12735.0722018901
10483.4989082788
13844.4147836202
14488.2761249298
7148.2265139392
10642.5870238318
19088.858068512
13476.967513404
18568.0500383195
16117.9775649163
19809.914610277
11099.0710301973
19435.698879922
16606.6221801964
5774.65519642146
1148.98013501669
5788.18546597409
10126.8759364006
4369.41873082978
1212.33596475778
7386.59515992946
8132.97681079971
12631.715526254
8441.36515439571
9714.92028278415
12294.9280940184
7683.86755159403
6393.68047814081
15490.0100916954
13122.1114418195
17694.7075304969
6644.34886891059
0
17479.5128742162
8285.57277981022
11963.6439478605
18669.7832150925
4425.91061899716
12700.2521589713
6960.42523286268
15166.1681845283
4741.6343723641
12302.8106044795
12344.1545253716
12214.7743476791
10920.4162782967
5320.08539409297
6996.38872017733
11406.5527837959
8093.06220182306
9731.59762402281
6144.47772615798
7480.33146263346
12577.4510229501
6726.52851971025
10910.191025207
11284.3600930571
14784.6192835736
9082.83301982473
9755.9340633273
10420.2235030862
9074.25775809304
6939.44681168463
8193.97618048647
8026.31418483158
12967.9871734236
13838.6654870678
9024.74245558596
9953.55531724207
9112.86762762602
536.04123857156
879.489342585941
0
0
1272.98085580954
3067.37720644348
3353.87599795064
415.825049962247
1958.63380125091
0
0
3641.03263100171
2230.01211374349
3381.54056809429
7276.41423882583
6091.15934111335
5048.94598247763
5818.33826524851
7136.55422724608
6068.51755644495
4607.4675251394
4654.08611416277
16667.4356659793
7696.20574671196
6718.07195717634
8059.15572408642
10663.1650373883
5849.86363170551
10776.2229611736
9890.00620786504
12104.8047392799
2426.10206223412
8349.27573471982
6321.51336633079
4345.58205544044
3912.59225261537
3596.98852127123
12947.6233144437
15311.1118063994
7016.7319303477
7465.57704838007
7039.96987236429
6455.73945035362
6627.15987335841
2694.3660571982
8506.95738944762
6148.03109065402
8967.48659183815
8340.05293158973
7696.81037205636
11201.689259417
9197.86002678501
2277.57612056155
9977.97745147066
11607.6567663716
2287.75869942772
3876.78420818755
3592.92201052677
3990.22437908054
10612.7827515801
6341.50965533206
6165.81523404677
9537.91357040065
3191.78245201116
0
0
0
0
1147.43754286108
0
0
0
0
0
0
0
0
0
0
0
0
0
0
628.496361091796
0
312.682539479603
0
0
0
0
0
0
0
0
0
0
0
1974.98341185645
1471.20888720119
1114.18804320729
0
0
460.969673368245
0
0
0
0
4035.87906129394
6298.93031395489
4623.44015685154
1620.47227540602
4227.80481084038
3428.00689260141
7959.33632868506
3851.42275014458
3598.74969234183
4188.2250388002
2813.9407180563
1591.43195011218
5224.48343081311
4817.92904374003
5131.69915131063
8926.09607695549
5280.75771997691
9033.73297361435
6131.49737885087
7016.60296374462
10985.4373548852
4178.13575066451
4873.41339109436
3950.68555153017
11843.5352942245
3997.01389108314
14933.344223126
9555.17108418535
10440.3999788775
8802.26745502474
10510.4872014991
16990.4139282458
6553.09780050631
12758.4821329806
14036.4535226956
11143.5508683301
6132.95195261136
3665.29478047725
4925.48797111799
10669.6841635616
0
5030.87766579102
1373.59806313079
6459.22980755488
4984.35579730158
4905.02680501429
7422.58648637347
7276.68464142736
8708.59115698057
8524.79116927403
3382.13314197195
7175.36365463844
7679.34212913031
4476.08726324323
6584.45856832417
2682.54302395299
0
0
2819.08775797405
10268.0097803054
2648.67530511229
3309.90231994512
2270.26121776028
4273.7391415317
0
0
0
0
0
0
549.44767840639
6720.85638476428
2262.11577639034
1953.6618781764
5243.45186053431
1684.62730730597
2956.2545649501
6256.92930832406
5118.34505323426
1387.36097999543
6126.63713073605
8072.19562051471
6740.53224938998
5479.73485376595
7112.54044293232
4705.03415582031
4976.01152533103
6751.14514530875
5013.71794546763
2269.75969149243
6420.16811780668
1621.36942421951
6134.59148746598
4443.16009802772
8659.32334239466
15419.1743976367
4923.90907824403
8583.87120438304
4459.55717962749
12992.5701169869
7165.67250023492
6300.7156523355
6887.03401629748
5190.16792101674
14428.1334717159
2410.3318432046
3376.0759931281
7315.69787570391
2790.18203038299
15093.3301969836
3647.63215501115
9987.8342885597
4694.38824540568
9482.95375562834
7615.26504996059
11282.4277412899
3248.89733045219
10107.6482817298
3043.6971954452
2014.5454509696
5070.43239640341
7655.68711352415
4221.48883606619
4918.41061729559
0
7804.20274721902
16733.6932452576
7060.29534825876
566.178670623785
1376.73477399616
4685.8331685464
3035.36295168433
5054.8724517123
435.550901462172
0
0
0
0
0
0
0
0
0
0
0
0
403.004471502665
0
0
0
0
0
0
0
0
0
0
0
0
0
0
0
0
0
0
0
0
0
0
0
515.664574248366
2567.54179889891
0
0
0
0
1685.69002116954
2604.63201681854
401.625754307913
3048.92924311409
474.401195752276
0
2041.04463127923
955.54280917773
867.535963069171
3646.43378466299
5702.2295589615
2404.3901989915
2500.61174643827
0
2340.30986407367
2407.84988542618
1343.7772373962
5187.03240572338
2057.45134331705
4037.57104855245
6555.2562608947
6379.21669370701
9262.67244941097
4319.25314348113
3112.49048054733
2295.24729866167
4411.54074232337
9241.70239136731
7420.46494661131
2414.79215302316
8067.96839059428
11438.1080768842
8985.64671839371
3336.63708079799
5778.10549932358
5480.9426225409
6269.68570532268
5550.55953721978
9830.45788774132
5475.07604841072
9604.66969083808
3136.42581693178
8197.04265949896
7252.60520340753
6072.30721476405
12589.0538373073
4677.16782714861
7121.26530130648
7675.55911534431
0
0
3130.99759109094
5083.59398304909
7535.31545921434
10762.6135551362
4101.21655664166
6916.00223598482
10148.5259958104
10370.5298590124
11693.6502328951
7644.30885323029
2658.00866858657
3340.97159987659
8498.43656746443
9714.36799125047
11691.1759805908
4319.10676353989
8147.79448207314
11244.8157606664
9098.80342895461
5859.90756619351
6854.8651928119
7344.35205964673
9416.40197777429
4969.80435653429
3923.6234780567
12296.854513496
3367.62001917866
5193.41351632985
7424.01733184938
8823.15270949654
3948.62813498322
6450.15722696482
8335.56238437587
4854.81708958384
0
5357.8839692181
7350.36798785841
2277.71008860684
4042.35498170471
4101.48769948308
6821.29601803915
4634.59027302582
5085.1722131498
4370.62766335191
1736.46598054233
8134.42636356292
4512.71144040161
7940.31649689629
8276.63776749012
6739.37366282598
6320.01325306006
3485.77423640311
7533.55207999416
9165.75926417144
3553.71998475716
7409.43840884132
5268.26765737048
8391.84290085778
7470.61409935901
10751.3903626055
0
0
4581.08230378791
2170.69996189156
6617.7172094627
1573.39413272407
5776.8118966716
3305.79672191479
3514.21236622651
8245.11129521944
5681.35867392232
1720.32038848187
6073.13716588259
4813.8785971931
5005.16433731942
761.431412971346
1852.71946151698
981.647346403264
2628.1721774217
1551.78588292576
6390.22112184446
4227.36694586926
10985.5838688863
2704.24782859767
10119.8124853479
2071.67115870321
3883.46015009361
7483.24027430976
985.919350469688
1366.4458720205
0
0
0
0
0
0
0
0
0
0
0
0
753.210836531548
0
0
0
0
0
0
0
0
0
0
0
244.999937906772
0
0
0
0
0
0
0
0
0
0
0
0
0
0
0
0
0
0
0
0
0
0
0
0
0
0
0
0
0
0
0
0
0
0
0
0
0
0
265.36733355262
0
0
349.151560974604
2766.71400160745
2036.62003860073
1114.32337775492
992.637940257074
4242.29538357391
2355.75770528518
4071.26566044616
1518.97363120679
1033.00710533581
3363.4734526702
5495.36082720288
4166.67684512729
4973.94615834287
12686.0458001966
895.875651804645
0
