0
0
0
0
0
0
0
0
0
0
0
0
0
0
0
0
0
0
0
0
0
0
0
0
0
0
0
0
0
0
0
0
0
0
0
0
0
0
0
0
0
0
0
0
0
0
0
0
0
0
0
0
0
0
0
0
0
0
0
0
0
0
0
0
0
0
0
0
0
0
0
0
0
0
0
0
0
0
0
0
0
0
0
0
0
0
0
0
0
0
0
0
0
0
0
0
0
0
0
0
0
0
0
0
0
0
0
0
0
0
0
0
0
0
0
0
0
0
0
0
0
0
0
0
0
0
0
0
0
0
0
0
0
0
0
0
0
0
0
0
0
0
0
0
0
0
0
0
0
0
0
0
0
0
0
0
0
0
0
0
0
0
0
0
0
0
0
0
0
0
0
0
0
0
0
0
0
0
0
0
0
0
0
0
0
0
0
0
0
0
0
0
0
0
0
0
0
0
0
0
0
0
0
0
0
0
0
0
0
0
0
0
0
0
0
0
0
0
0
0
0
0
0
0
0
0
0
0
0
0
0
0
0
0
0
0
0
0
0
0
0
0
0
0
0
0
0
0
0
0
0
0
0
0
0
0
0
0
0
0
0
0
0
0
0
0
0
0
0
0
0.059765625
0
0.0625
0
0
0
0.19765625
0.229427083333333
0.103385416666667
0.193489583333333
0.136197916666667
0.0893229166666667
0.430208333333333
0.242447916666667
0.293619791666667
0.367317708333333
0.638671875
0.077734375
0.0436197916666667
0.033203125
0
0.0610677083333333
0
0
0.183203125
0.00963541666666667
0
0.043359375
0.087109375
0.197005208333333
0.22265625
0.14140625
0.191927083333333
0.370442708333333
0.232552083333333
0.255729166666667
0.130208333333333
0.16875
0.312239583333333
0.184375
0.352864583333333
0.604296875
0.558333333333333
0.603515625
0.494921875
0.224348958333333
0.6484375
0.333333333333333
0.483854166666667
0.6171875
0.710546875
0.505208333333333
0.588411458333333
0.520963541666667
0.645052083333333
0.50703125
0.537109375
0.353125
0.500911458333333
0.583463541666667
0.637369791666667
0.37734375
0.287890625
0.539973958333333
0.381510416666667
0.639322916666667
0.534244791666667
0.646875
0.6375
0.537890625
0.501692708333333
0.559114583333333
0.599348958333333
0.610286458333333
0.0770833333333333
0
0
0.0588541666666667
0
0
0
0
0
0.06953125
0
0
0
0
0
0
0.147005208333333
0.0286458333333333
0.045703125
0.055859375
0.09296875
0
0
0.207421875
0
0.0649739583333333
0.131510416666667
0.138541666666667
0.25625
0.0727864583333333
0.107942708333333
0.139713541666667
0.183463541666667
0.206510416666667
0.138802083333333
0.19296875
0.127604166666667
0.178385416666667
0.196354166666667
0.25234375
0.135026041666667
0.124348958333333
0.290364583333333
0.138802083333333
0.490494791666667
0.148046875
0.207552083333333
0.309114583333333
0.337630208333333
0.461848958333333
0.384765625
0.425
0.35625
0
0.2125
0.140755208333333
0.0611979166666667
0.194921875
0.246223958333333
0.120572916666667
0.227864583333333
0
0.209505208333333
0.125390625
0
0
0
0
0
0
0
0
0
0
0
0
0
0.075390625
0
0
0
0.092578125
0.185546875
0
0
0
0
0
0
0
0.0623697916666667
0
0
0
0
0
0
0
0
0
0
0
0.07265625
0.0684895833333333
0.0165364583333333
0.241015625
0.149479166666667
0.0763020833333333
0
0.127864583333333
0.151432291666667
0.132291666666667
0.159244791666667
0.3484375
0.0671875
0.109244791666667
0.174479166666667
0.125
0.362109375
0.400651041666667
0.2640625
0.434114583333333
0.455338541666667
0.194661458333333
0.273307291666667
0.471875
0.59609375
0.501953125
0.153645833333333
0.54765625
0.337369791666667
0.542447916666667
0.344661458333333
0.403645833333333
0.644921875
0.312760416666667
0.467578125
0.751041666666667
0.623177083333333
0.512369791666667
0.8390625
0.375390625
0.212630208333333
0.240625
0.247005208333333
0.198177083333333
0.104817708333333
0.150520833333333
0.261328125
0.338671875
0.291666666666667
0.120572916666667
0.142578125
0.268489583333333
0.428255208333333
0.364583333333333
0.381380208333333
0.392578125
0.469921875
0.172916666666667
0.20859375
0.261197916666667
0
0.367578125
0.31015625
0.45234375
0.368619791666667
0.176041666666667
0.249479166666667
0.0595052083333333
0
0.161979166666667
0.0649739583333333
0
0
0.0615885416666667
0
0.0815104166666667
0.160026041666667
0
0.05859375
0.010546875
0
0
0.0794270833333333
0.208203125
0
0.140234375
0.168489583333333
0.099609375
0.179817708333333
0.066015625
0.160286458333333
0.24921875
0.162760416666667
0.149479166666667
0.148177083333333
0.225651041666667
0.168619791666667
0.220572916666667
0.31171875
0.124609375
0.0608072916666667
0.282942708333333
0.130208333333333
0.0864583333333333
0.0643229166666667
0.0600260416666667
0
0.0686197916666667
0.0703125
0.0615885416666667
0.0640625
0.0631510416666667
0
0.0432291666666667
0.21484375
0.190755208333333
0.0618489583333333
0
0.0686197916666667
0.0783854166666667
0
0
0.133854166666667
0.01796875
0.189583333333333
0
0.129166666666667
0
0.21796875
0.194921875
0.02421875
0.069921875
0
0.059375
0.0618489583333333
0.1390625
0.07109375
0
0
0
0
0
0
0
0
0.00598958333333333
0.065234375
0
0
0
0.225130208333333
0.0177083333333333
0
0
0
0
0
0
0
0.145833333333333
0.245572916666667
0
0
0.0657552083333333
0
0
0.144010416666667
0
0
0.0649739583333333
0
0
0.0755208333333333
0
0
0.170703125
0.0731770833333333
0.0772135416666667
0.155989583333333
0.141536458333333
0
0.300520833333333
0.0697916666666667
0.257421875
0.18359375
0.316145833333333
0.321614583333333
0.234895833333333
0.0739583333333333
0
0
0
0
0
0
0
0
0
0.0627604166666667
0.0588541666666667
0
0.160546875
0.2375
0.261067708333333
0.190625
0.0604166666666667
0.299869791666667
0.129166666666667
0
0.193359375
0.0604166666666667
0.183854166666667
0.357552083333333
0.190494791666667
0
0
0
0
0.130078125
0.0674479166666667
0.0752604166666667
0.0626302083333333
0.294270833333333
0.122265625
0.20546875
0
0.278515625
0.25
0.396223958333333
0
0.0670572916666667
0.0651041666666667
0.249088541666667
0.385546875
0.256640625
0.129817708333333
0.304036458333333
0.00377604166666667
0.0740885416666667
0.261588541666667
0.126302083333333
0.144010416666667
0.0665364583333333
0.0954427083333333
0.112239583333333
0.129557291666667
0.266927083333333
0.129036458333333
0.132161458333333
0.0875
0.3375
0.299479166666667
0.350520833333333
0.135807291666667
0.222135416666667
0.208072916666667
0.141666666666667
0.280989583333333
0.0649739583333333
0.428125
0.420703125
0.205859375
0.236067708333333
0.150260416666667
0.0796875
0.0697916666666667
0.187369791666667
0.174609375
0.0856770833333333
0.297526041666667
0.239453125
0.264192708333333
0.30859375
0.241145833333333
0.60703125
0.12578125
0.355598958333333
0.391927083333333
0.631770833333333
0.557942708333333
0.6375
0.635286458333333
0.430989583333333
0.458984375
0.130598958333333
0.290755208333333
0.283463541666667
0.195963541666667
0.272135416666667
0
0.141666666666667
0
0
0
0
0
0
0
0
0
0
0
0
0
0
0
0
0
0
0
0
0
0
0
0
0
0
0
0
0
0
0.147395833333333
0
0.0701822916666667
0.071875
0
0
0
0
0
0.1546875
0
0
0.162890625
0.00364583333333333
0
0.254427083333333
0
0
0
0
0
0
0
0
0
0
0
0
0
0
0
0
0
0
0.141796875
0.228776041666667
0
0
0
0
0
0
0
0
0
0.0622395833333333
0.235546875
0.0102864583333333
0.159635416666667
0
0
0
0.356770833333333
0.0631510416666667
0
0.0677083333333333
0.073046875
0.0658854166666667
0.0768229166666667
0
0
0.243098958333333
0
0.0704427083333333
0
0
0.13984375
0.0766927083333333
0.0657552083333333
0.129296875
0.07890625
0.279947916666667
0
0
0
0.162630208333333
0.0576822916666667
0.0727864583333333
0
0.21484375
0.1421875
0.210677083333333
0
